5' CTG vs CCGCTG
-0.0036955741098622765 -0.08385040942316048 0.07650677663375259
-0.015157533005704766 -0.05607566505935042 0.025811430097981095
-0.0786272311405907 -0.14573639150173318 -0.010797799314910983
-0.13724684758127337 -0.20220623466590187 -0.07108508515501723
-0.016891378858862455 -0.12226292006614968 0.08885670560128718
0.0024536822113793814 -0.10079211856664737 0.1056471981556487
-0.08428941326097082 -0.2007859695200073 0.03455786847507107
-0.12711351624549513 -0.1714792275889917 -0.08223328900462892
-0.20217326924916337 -0.24375151006051513 -0.15985322245965322
0.006338100453797632 -0.12544208424624553 0.13789850833465106
