3' CTG vs CCGCTG
-0.29579295778814774 -0.3672624282145804 -0.22085111090919798
-0.4058153278587716 -0.4394646599474817 -0.37102863481004555
-0.1704005161816786 -0.2355625980838061 -0.10371320159054682
0.006639099994418299 -0.06020121381608768 0.07342014174534517
-0.09614046826773386 -0.19970280218979833 0.009546041469128349
-0.16400218681908518 -0.26277412746371304 -0.06182856932968896
-0.4176686155867545 -0.5108846797169033 -0.31474467887602514
-0.12855088185369054 -0.17289714739051953 -0.08368447637260787
-0.02192806268154993 -0.0655985801132895 0.021826294269409862
-0.1950627679528213 -0.3185561517235903 -0.06505829519292686
