5' CTG vs 3' CTG
-0.009749217856003493 -0.0898586573402184 0.0704855609684069
0.02053009694495793 -0.020440029147560938 0.061431388182422046
0.06380382585567933 -0.00410100548221111 0.1311229408005278
-0.22137369958234096 -0.2839869222654978 -0.15688047390033083
-0.1123504590093792 -0.21538494245316525 -0.006842022471246691
-0.07809497664556544 -0.17986535790870928 0.025329477068212022
-0.08768134484460495 -0.20406314374976825 0.031144359659314776
0.03870647034188758 -0.006659534694427712 0.08391347397086069
0.08494037935228253 0.041360597191365416 0.12819758522083594
0.013075052498048427 -0.11880498395074558 0.14450176319953378
