100
1290 1
340 36 50
1059 1
221 67 38
951 1
203 54 62
1055 1
200 59 52
1028 1
180 61 55
1057 1
190 68 49
1023 1
191 55 55
945 1
158 76 35
1097 1
211 62 47
1162 1
258 51 53
1114 1
209 65 48
1105 1
212 64 55
1047 1
197 53 56
1091 1
190 75 46
1053 1
190 62 67
1054 1
210 58 67
1106 1
202 58 68
1226 1
267 55 54
999 1
206 47 55
974 1
217 52 43
937 1
168 61 60
971 1
178 48 66
1351 1
298 51 79
1062 1
211 48 70
948 1
218 44 45
1223 1
275 65 30
910 3
202 43 57
199 42 62
206 39 61
1093 1
193 75 50
871 1
168 57 46
1040 1
188 56 65
1000 1
185 70 35
1081 2
270 29 50
259 40 39
943 1
185 53 42
1057 1
232 50 56
1049 1
206 67 39
1159 1
228 61 52
1255 1
253 54 73
902 1
174 58 33
1050 1
211 59 45
1085 1
194 62 67
1278 1
257 74 50
990 1
185 59 50
1307 1
280 45 95
1088 1
192 75 42
941 1
152 73 42
1025 1
212 48 67
1100 1
218 52 61
999 1
156 73 53
954 1
176 61 53
892 1
185 40 80
1041 2
173 71 50
177 64 60
1012 1
187 69 33
1384 1
351 46 57
911 1
199 37 56
1065 1
173 73 54
1040 1
211 55 47
1151 1
226 49 76
970 1
191 51 52
1193 1
277 68 60
1061 1
223 47 62
1148 1
220 58 65
961 1
199 57 43
939 1
153 65 57
1084 1
230 41 70
982 1
209 53 59
952 1
188 42 67
980 1
166 61 63
1012 1
195 56 55
1277 1
289 80 26
1058 1
210 48 64
1010 1
197 54 48
1064 1
203 62 44
1000 1
206 53 41
992 1
196 53 59
1118 1
176 77 64
996 1
195 59 34
1028 1
214 42 80
1048 1
183 69 56
1028 1
220 70 28
1068 1
183 65 62
1048 1
202 66 50
1040 1
211 49 59
1081 1
192 59 69
1054 1
201 55 59
974 1
194 49 50
1037 1
194 64 40
1121 1
216 55 56
990 1
195 35 91
1049 1
216 48 63
1135 1
233 66 43
1086 1
237 44 65
1167 1
237 45 78
1087 1
213 66 37
1090 1
238 54 54
1078 1
193 56 67
1078 2
226 44 59
210 62 39
1069 1
201 54 64
1096 1
187 71 60
1225 1
296 40 65
1113 1
225 56 61
