500
1312 2
306 52 52
300 57 48
1061 1
221 58 56
952 1
206 53 61
1055 1
201 55 59
1042 1
192 57 51
1065 1
209 58 50
1021 1
191 54 57
945 1
166 66 47
1113 1
203 60 59
1170 1
242 60 51
1118 1
211 62 52
1110 1
212 57 69
1041 2
197 56 50
195 47 70
1122 1
213 58 57
1055 1
207 60 54
1054 1
210 58 67
1106 2
201 60 65
200 61 64
1227 2
259 52 68
266 54 57
1005 1
196 56 47
989 1
186 69 40
945 1
187 54 55
980 1
171 58 53
1363 1
299 57 66
1075 1
208 59 51
947 1
216 46 43
1238 1
280 55 45
910 2
205 38 64
198 48 51
1102 1
206 60 67
881 1
177 50 51
1042 1
189 57 62
1013 1
190 54 62
1075 3
257 36 49
272 25 56
277 36 29
947 1
179 57 40
1070 2
209 53 73
204 63 58
1064 1
217 53 56
1156 1
239 59 45
1264 1
252 64 54
898 1
178 54 37
1059 1
193 61 59
1090 1
205 54 72
1296 1
276 64 51
999 1
194 55 49
1333 1
287 64 50
1106 1
198 66 54
951 1
159 63 55
1041 1
199 61 54
1110 1
216 60 47
1025 1
187 57 54
955 1
182 53 63
899 1
185 54 52
1043 1
175 68 54
1018 2
186 65 42
187 62 47
1393 1
333 56 55
917 1
185 49 46
1077 2
188 63 59
202 60 51
1054 1
201 58 51
1167 1
228 57 58
978 1
201 53 38
1199 1
265 78 52
1073 2
206 57 59
209 55 60
1151 2
223 58 62
221 60 60
971 1
191 60 45
940 2
170 57 56
163 53 71
1094 1
225 48 61
984 1
195 60 59
955 1
186 48 57
992 1
185 55 56
1012 1
195 60 47
1293 1
278 74 49
1062 3
191 60 59
206 53 58
199 61 49
1009 3
188 54 57
196 48 61
202 48 55
1070 1
197 58 58
999 1
207 52 42
1002 1
188 59 55
1136 1
204 68 54
999 1
194 54 45
1054 1
210 63 42
1054 1
218 51 57
1038 1
226 62 38
1064 1
193 54 74
1068 1
213 53 65
1039 1
204 55 54
1097 1
209 55 60
1052 1
208 53 56
984 1
179 58 47
1037 2
189 72 29
181 70 41
1121 2
205 54 69
205 66 45
997 1
192 56 52
1053 1
202 54 65
1152 1
252 49 58
1091 1
235 49 57
1183 1
236 54 61
1095 1
215 58 51
1102 1
214 64 58
1089 1
199 59 55
1096 1
208 54 57
1075 1
194 59 61
1100 1
208 66 49
1246 1
269 58 56
1113 1
221 61 55
1084 1
198 55 64
1030 3
189 64 52
211 55 48
203 62 42
1080 1
210 53 56
1121 2
235 54 57
244 56 44
1042 1
199 61 47
865 2
178 58 39
193 47 46
1206 1
235 67 46
989 1
196 52 68
1035 1
207 52 60
1043 1
189 53 63
991 1
202 48 53
1028 2
205 56 43
204 58 40
988 2
229 42 57
192 64 50
1099 1
212 58 55
1220 1
285 44 58
1055 2
179 66 54
181 64 56
999 1
172 68 44
1117 1
210 60 51
1294 1
303 60 62
1083 1
211 50 64
1382 1
275 78 50
1070 1
208 59 54
1151 1
211 79 39
1079 1
201 55 63
1008 1
168 58 64
1077 1
183 64 60
1288 1
252 77 41
991 1
212 44 57
913 1
191 45 47
1079 1
205 61 41
1040 1
192 65 43
1048 2
203 57 53
190 62 56
1079 1
191 71 45
1234 1
255 61 51
987 1
176 59 59
1063 1
182 68 45
1035 1
190 58 61
1351 1
311 52 72
929 1
151 61 54
1086 2
221 50 66
207 58 64
1100 1
213 58 53
1040 1
193 49 69
1048 1
225 50 40
1016 1
202 64 42
1190 1
243 66 43
977 2
183 56 56
184 56 55
1175 1
234 70 42
1081 1
197 55 69
1060 1
218 60 40
1079 1
208 54 65
1040 1
239 33 51
972 1
201 55 51
1355 1
278 68 60
1042 1
194 65 40
1079 2
213 54 58
204 60 55
1092 1
201 58 61
1162 1
214 62 59
994 1
190 60 45
1117 1
211 63 53
1074 1
209 50 66
1058 2
190 61 55
190 59 59
1085 1
216 54 62
1024 1
201 56 47
970 1
180 55 54
977 1
176 55 60
1057 1
200 57 58
1076 1
219 53 61
1094 1
220 59 54
1078 1
196 55 69
1165 1
207 65 59
1126 1
208 79 26
1052 2
199 61 53
194 67 46
1060 1
207 60 55
942 3
165 59 53
185 45 61
172 58 48
996 1
198 55 53
1094 1
183 67 62
1018 1
198 55 58
1301 1
263 66 53
1267 1
287 49 53
1052 1
203 65 36
1118 2
206 63 53
200 64 57
1063 1
212 58 47
1292 1
277 65 50
1095 1
187 67 56
1084 2
256 47 53
250 51 51
1070 1
203 60 47
1443 1
315 59 60
1065 1
191 59 61
1143 1
220 59 57
1059 1
198 59 61
1012 1
186 57 55
1117 1
216 53 65
916 1
175 51 55
1059 1
211 62 50
1040 1
204 63 62
1005 1
195 62 43
1127 1
215 60 60
1149 1
233 61 42
1080 1
189 64 57
944 1
199 38 55
1096 1
196 65 50
1068 1
190 63 58
1140 1
260 58 66
1196 1
243 64 42
1092 1
210 60 53
1085 1
216 54 54
1289 1
262 60 64
1013 1
184 58 56
944 1
192 65 34
1065 1
193 61 53
1041 1
198 58 61
1085 1
204 56 61
1068 1
204 60 45
1085 2
207 62 54
207 56 66
969 1
194 50 55
1092 2
193 59 62
212 51 59
1199 1
272 55 60
986 1
193 52 60
1166 1
232 55 59
1090 1
209 51 68
1043 1
199 51 54
1067 1
214 47 75
1118 1
240 62 38
1062 1
207 53 60
1026 1
195 59 53
1039 1
213 58 51
1083 1
206 53 62
938 1
189 50 54
1069 1
207 63 41
1096 1
255 59 60
1147 1
243 48 62
936 1
225 41 47
1127 1
210 60 56
902 1
164 56 45
1124 1
195 69 53
1113 1
218 67 51
925 1
197 50 59
1089 1
200 64 52
1040 1
203 53 56
1196 2
247 61 54
261 55 52
937 1
209 54 46
1016 1
214 43 61
951 1
178 53 65
1004 1
213 45 51
907 1
191 56 43
1068 1
201 52 72
1053 1
269 59 20
1005 2
195 49 60
196 51 55
1154 1
215 65 53
924 1
179 47 61
1273 1
289 47 54
1042 2
195 57 51
201 54 51
937 1
202 51 42
1400 1
311 64 51
1035 1
199 57 52
1078 1
207 57 58
1051 1
195 55 65
1034 1
202 60 56
1024 1
217 55 51
1138 1
223 59 56
1093 1
204 57 63
1058 1
207 52 55
1018 1
195 55 53
1003 1
200 43 69
1030 1
213 52 57
1061 3
184 61 65
166 71 63
168 74 55
1039 1
193 63 42
1078 1
213 52 58
1146 1
207 66 53
1009 1
211 58 53
1117 1
197 69 51
1099 1
219 65 54
1121 1
219 56 58
1043 1
202 59 41
975 2
207 43 56
205 48 48
994 1
177 60 44
1073 1
207 54 61
1076 1
207 58 53
1054 1
202 57 57
1010 2
176 62 53
178 60 55
1148 1
228 59 60
1070 1
199 55 61
1099 1
183 68 69
1174 1
242 58 59
1016 1
194 49 68
1054 2
204 47 70
200 51 66
1247 1
247 56 67
1070 1
206 56 65
1233 1
284 68 36
1091 1
209 57 54
1142 1
227 58 49
1153 1
224 52 70
1056 2
213 60 49
208 61 52
1057 2
203 50 63
195 56 59
1044 1
194 59 55
1282 1
275 53 65
1307 1
301 50 57
1218 1
283 56 57
1034 1
183 61 58
1024 1
176 58 62
970 1
185 64 42
1266 1
272 50 67
1021 1
203 50 55
1093 1
225 56 52
1003 1
185 59 50
1068 1
196 64 49
1294 2
282 57 53
284 52 61
1060 1
201 52 59
1131 1
192 67 64
1074 1
200 58 57
1104 1
221 56 58
1018 1
180 57 63
1149 2
232 62 49
232 61 51
1417 1
293 70 47
1039 1
203 64 55
1055 1
208 59 46
1032 1
201 55 62
987 1
198 51 44
1075 1
199 59 57
940 1
207 52 47
1041 1
183 58 59
1296 3
305 54 53
310 45 66
307 54 51
1079 2
208 54 58
212 50 62
1014 1
190 53 58
1011 1
197 55 53
1082 1
194 66 55
1082 1
191 63 58
1083 1
229 40 66
1079 1
188 65 60
1001 1
172 68 44
931 1
184 52 53
1034 1
200 54 58
1150 1
216 59 56
1025 1
196 57 58
1105 1
203 63 53
1109 1
208 51 68
1153 1
207 69 50
1137 1
206 66 62
1338 2
318 59 53
318 60 51
1047 1
200 61 57
1057 1
191 55 64
1036 1
192 65 47
1006 1
201 52 52
1055 2
194 62 56
192 62 58
1108 1
199 62 58
1046 1
203 58 51
1059 1
203 54 53
1026 2
192 61 48
195 45 77
1089 1
212 54 58
1018 1
186 57 59
1107 1
226 50 67
1097 1
216 58 50
1064 1
205 53 55
1107 1
207 57 60
1121 1
235 60 48
1131 1
214 55 72
1041 1
202 49 65
1014 1
200 54 56
1068 1
216 63 40
1017 1
197 58 59
998 1
163 60 61
1085 1
202 62 55
1181 1
252 74 26
935 1
173 53 62
1255 1
282 49 57
1089 2
201 66 48
187 72 50
1317 1
276 67 62
1237 1
285 54 45
1051 2
186 59 60
192 58 56
935 1
176 59 56
1055 1
185 66 48
1000 1
205 47 50
1046 1
202 65 55
1087 1
218 66 38
983 1
179 56 54
984 1
186 55 58
1134 2
215 69 44
201 63 70
891 1
178 53 56
952 1
194 47 57
1065 1
190 66 57
1200 1
254 59 45
1250 2
288 54 54
275 58 59
1042 1
182 61 63
1054 1
217 41 69
1135 1
279 52 60
1022 1
190 54 56
1095 4
246 1 123
153 1 216
352 1 17
356 1 13
975 2
188 56 54
194 54 52
1064 2
204 59 49
204 55 57
1053 1
207 50 54
998 1
228 47 41
1082 1
199 57 58
996 3
211 54 48
210 51 55
209 52 54
959 1
192 57 57
1145 1
229 54 65
1149 1
215 64 62
1159 1
241 54 60
1115 1
201 64 57
1036 1
199 55 53
1051 1
186 68 56
1033 1
211 55 50
1073 1
201 68 40
1100 2
207 56 62
209 56 60
1325 1
283 62 50
1017 1
220 41 60
1052 1
206 54 52
1021 1
185 63 53
1107 1
213 55 56
1040 1
200 60 46
1044 1
201 59 58
1031 3
180 66 43
176 66 47
170 74 37
967 1
249 26 41
979 1
204 49 55
1063 1
224 56 49
1017 1
189 58 57
1035 1
197 60 56
1040 10
38 1 313
252 1 99
203 1 148
236 1 115
80 1 271
325 1 26
262 1 89
185 1 166
6 1 345
132 1 219
1022 1
198 56 57
990 1
214 55 51
911 1
187 51 64
1059 1
210 47 64
1050 1
198 54 62
963 1
199 58 37
1090 1
217 61 52
993 1
196 53 43
1037 1
209 59 44
1044 1
213 56 50
1054 1
206 57 59
1457 1
349 55 54
854 1
189 42 46
966 1
205 40 50
1019 2
190 60 46
178 59 60
1052 1
203 55 53
1007 1
195 55 48
1129 2
210 64 52
215 61 53
1117 2
203 84 15
198 78 32
1062 1
221 54 57
1030 1
196 59 57
1040 1
198 56 48
1053 1
209 51 59
1021 1
191 56 55
973 1
189 58 42
1469 1
342 59 51
1109 1
212 56 62
823 2
154 38 87
167 42 66
1133 1
216 58 64
1055 1
210 57 74
1157 1
226 61 65
919 1
163 53 56
1030 1
202 42 71
1037 1
216 45 59
1055 1
191 62 56
1098 1
236 57 47
925 1
172 51 53
1348 1
298 56 59
1048 1
192 59 52
1040 1
188 54 65
1087 1
197 69 50
1030 1
192 60 45
986 1
209 42 58
1083 1
209 52 60
991 1
197 51 51
1209 1
287 59 53
1010 1
208 55 48
1047 1
181 72 38
1001 1
204 52 48
1072 2
199 56 73
207 57 63
1106 1
232 54 53
1262 1
263 62 58
1620 1
377 61 58
1074 1
226 44 63
1287 1
260 82 41
1214 1
274 47 59
1057 2
205 45 72
209 47 64
830 1
173 60 41
1015 2
176 62 51
180 60 51
1192 1
250 58 47
956 1
195 55 58
989 2
194 54 48
193 54 49
949 1
149 63 54
1136 1
228 61 52
1030 1
197 55 61
1081 1
193 72 64
1329 1
301 55 60
1195 1
259 53 52
1024 1
197 57 48
969 3
204 47 50
184 59 46
206 43 56
1160 1
227 70 48
1064 1
200 61 46
1039 2
205 55 47
203 46 67
1104 1
198 62 65
976 2
164 66 45
169 67 38
1012 1
189 55 55
971 2
189 52 46
183 56 44
994 2
199 57 46
199 56 48
870 1
168 50 58
914 2
183 45 57
181 45 59
1180 1
227 60 62
1019 2
207 47 57
202 48 60
1050 1
200 48 71
