597
1319 6
293 58 53
293 57 55
295 57 53
295 56 55
297 56 53
297 55 55
1069 1
221 62 48
953 2
207 53 60
207 52 62
1060 1
203 56 55
1047 1
193 58 48
1067 5
204 61 49
206 60 49
208 59 49
210 58 49
212 57 49
1025 1
189 56 55
951 27
163 73 36
163 72 38
163 71 40
164 73 35
164 72 37
164 71 39
164 70 41
165 72 36
165 71 38
165 70 40
166 72 35
166 71 37
166 70 39
166 69 41
167 71 36
167 70 38
167 69 40
168 71 35
168 70 37
168 69 39
168 68 41
169 70 36
169 69 38
169 68 40
170 70 35
170 69 37
170 68 39
1117 1
199 63 57
1175 1
235 62 54
1121 3
210 61 55
212 60 55
214 59 55
1111 18
211 61 62
211 60 64
211 59 66
211 58 68
212 61 61
212 60 63
212 59 65
212 58 67
213 61 60
213 60 62
213 59 64
213 58 66
213 57 68
214 61 59
214 60 61
214 59 63
214 58 65
214 57 67
1054 4
193 54 58
193 53 60
194 54 57
194 53 59
1126 1
211 58 59
1067 2
202 59 61
202 57 65
1057 6
206 62 63
206 61 65
207 62 62
207 61 64
208 61 63
209 61 62
1108 2
200 62 62
202 61 62
1237 4
251 59 62
252 59 61
253 59 60
253 58 62
1010 1
195 54 52
991 7
185 69 41
185 68 43
186 68 42
187 68 41
187 67 43
188 67 42
189 67 41
950 6
179 57 57
180 57 56
181 56 57
182 56 56
183 55 57
184 55 56
985 3
174 59 48
174 58 50
174 57 52
1370 2
300 60 59
301 60 58
1076 5
208 58 53
209 57 54
210 57 53
211 56 54
212 56 53
948 8
215 45 46
216 45 45
217 45 44
217 44 46
218 44 45
219 44 44
219 43 46
220 43 45
1238 22
273 57 48
273 56 50
274 57 47
274 56 49
275 57 46
275 56 48
275 55 50
276 57 45
276 56 47
276 55 49
277 56 46
277 55 48
277 54 50
278 56 45
278 55 47
278 54 49
279 55 46
279 54 48
279 53 50
280 55 45
280 54 47
280 53 49
910 90
198 48 51
198 47 53
199 48 50
199 47 52
199 46 54
199 45 56
199 44 58
199 43 60
199 42 62
199 41 64
200 48 49
200 47 51
200 46 53
200 45 55
200 44 57
200 43 59
200 42 61
200 41 63
201 48 48
201 47 50
201 46 52
201 45 54
201 44 56
201 43 58
201 42 60
201 41 62
201 40 64
202 48 47
202 47 49
202 46 51
202 45 53
202 44 55
202 43 57
202 42 59
202 41 61
202 40 63
203 47 48
203 46 50
203 45 52
203 44 54
203 43 56
203 42 58
203 41 60
203 40 62
203 39 64
204 47 47
204 46 49
204 45 51
204 44 53
204 43 55
204 42 57
204 41 59
204 40 61
204 39 63
205 46 48
205 45 50
205 44 52
205 43 54
205 42 56
205 41 58
205 40 60
205 39 62
205 38 64
206 46 47
206 45 49
206 44 51
206 43 53
206 42 55
206 41 57
206 40 59
206 39 61
206 38 63
207 45 48
207 44 50
207 43 52
207 42 54
207 41 56
207 40 58
207 39 60
207 38 62
207 37 64
208 45 47
208 44 49
208 43 51
208 42 53
208 41 55
208 40 57
208 39 59
208 38 61
208 37 63
1108 8
204 66 57
204 65 59
204 64 61
205 65 58
205 64 60
206 65 57
206 64 59
206 63 61
881 14
175 52 49
175 51 51
175 50 53
175 49 55
175 48 57
176 51 50
176 50 52
176 49 54
176 48 56
177 51 49
177 50 51
177 49 53
177 48 55
177 47 57
1046 3
185 61 58
187 60 58
189 59 58
1015 28
184 63 50
184 62 52
184 61 54
184 60 56
185 62 51
185 61 53
185 60 55
186 62 50
186 61 52
186 60 54
186 59 56
187 61 51
187 60 53
187 59 55
188 61 50
188 60 52
188 59 54
188 58 56
189 60 51
189 59 53
189 58 55
190 60 50
190 59 52
190 58 54
190 57 56
191 59 51
191 58 53
191 57 55
1089 6
265 36 41
267 35 41
269 34 41
271 33 41
273 32 41
275 31 41
947 2
179 57 40
187 53 40
1078 2
208 59 62
209 59 61
1066 12
213 58 50
213 57 52
213 56 54
213 55 56
214 58 49
214 57 51
214 56 53
214 55 55
215 57 50
215 56 52
215 55 54
215 54 56
1164 5
231 63 45
231 62 47
231 61 49
232 62 46
232 61 48
1271 2
249 64 57
249 62 61
904 2
176 57 33
177 57 32
1067 4
193 65 51
194 65 50
194 64 52
195 64 51
1092 24
201 61 62
201 59 66
201 58 68
201 57 70
202 59 65
202 58 67
202 57 69
203 60 62
203 58 66
203 57 68
203 56 70
204 58 65
204 57 67
204 56 69
205 59 62
205 57 66
205 56 68
205 55 70
206 57 65
206 56 67
206 55 69
207 58 62
207 56 66
207 55 68
1297 2
274 64 53
276 63 53
1008 13
199 57 40
199 56 42
199 55 44
200 57 39
200 56 41
200 55 43
201 56 40
201 55 42
202 56 39
202 55 41
202 54 43
203 55 40
203 54 42
1339 6
285 62 56
285 61 58
286 61 57
287 61 56
287 60 58
288 60 57
1107 1
197 65 57
953 15
153 66 55
153 65 57
154 66 54
154 65 56
154 64 58
155 65 55
155 64 57
156 65 54
156 64 56
156 63 58
157 64 55
157 63 57
158 64 54
158 63 56
158 62 58
1041 4
196 62 55
197 62 54
198 61 55
199 61 54
1115 3
223 60 40
223 59 42
223 58 44
1029 2
191 56 52
191 55 54
958 27
176 59 57
176 58 59
177 59 56
177 58 58
177 57 60
178 58 57
178 57 59
179 58 56
179 57 58
179 56 60
180 57 57
180 56 59
181 57 56
181 56 58
181 55 60
182 56 57
182 55 59
183 56 56
183 55 58
183 54 60
184 55 57
184 54 59
185 55 56
185 54 58
185 53 60
186 54 57
186 53 59
901 4
188 52 53
189 52 52
190 51 53
191 51 52
1046 1
178 66 55
1020 5
185 63 47
186 63 46
187 63 45
188 62 46
189 62 45
1394 33
334 55 56
334 54 58
335 56 53
335 55 55
335 54 57
335 53 59
336 56 52
336 55 54
336 54 56
336 53 58
337 56 51
337 55 53
337 54 55
337 53 57
337 52 59
338 55 52
338 54 54
338 53 56
338 52 58
339 55 51
339 54 53
339 53 55
339 52 57
339 51 59
340 54 52
340 53 54
340 52 56
340 51 58
341 54 51
341 53 53
341 52 55
341 51 57
341 50 59
917 30
185 49 46
185 48 48
185 47 50
185 46 52
185 45 54
186 49 45
186 48 47
186 47 49
186 46 51
186 45 53
187 48 46
187 47 48
187 46 50
187 45 52
187 44 54
188 48 45
188 47 47
188 46 49
188 45 51
188 44 53
189 47 46
189 46 48
189 45 50
189 44 52
189 43 54
190 47 45
190 46 47
190 45 49
190 44 51
190 43 53
1087 1
190 66 51
1063 1
198 57 56
1170 1
229 57 57
982 6
190 59 37
191 58 38
192 58 37
193 57 38
194 57 37
195 56 38
1201 3
266 74 59
268 73 59
270 72 59
1075 7
205 58 58
206 58 57
207 57 58
208 57 57
209 56 58
210 56 57
211 55 58
1155 2
221 62 56
223 61 56
973 40
182 63 48
182 62 50
182 61 52
182 60 54
183 63 47
183 62 49
183 61 51
183 60 53
184 62 48
184 61 50
184 60 52
184 59 54
185 62 47
185 61 49
185 60 51
185 59 53
186 61 48
186 60 50
186 59 52
186 58 54
187 61 47
187 60 49
187 59 51
187 58 53
188 60 48
188 59 50
188 58 52
188 57 54
189 60 47
189 59 49
189 58 51
189 57 53
190 59 48
190 58 50
190 57 52
190 56 54
191 59 47
191 58 49
191 57 51
191 56 53
948 4
160 61 58
160 59 62
162 60 58
162 58 62
1099 4
213 54 61
214 54 60
217 52 61
218 52 60
986 2
197 59 59
197 58 61
955 11
184 49 57
184 48 59
185 47 60
186 48 57
186 47 59
187 46 60
188 47 57
188 46 59
189 45 60
190 46 57
190 45 59
996 2
176 59 57
177 59 56
1015 5
196 56 54
197 56 53
198 55 54
199 55 53
200 54 54
1301 1
284 70 51
1068 12
196 59 56
196 58 58
197 59 55
197 58 57
197 57 59
198 58 56
198 57 58
199 58 55
199 57 57
199 56 59
200 57 56
200 56 58
1016 1
195 51 56
1076 4
199 60 52
199 59 54
200 60 51
200 59 53
1008 2
199 54 46
200 54 45
1004 3
185 61 54
186 60 55
187 60 54
1146 1
203 65 61
1003 1
193 56 42
1056 3
212 62 42
214 61 42
216 60 42
1066 2
198 61 57
200 60 57
1038 72
217 63 45
217 62 47
218 64 42
218 63 44
218 62 46
219 64 41
219 63 43
219 62 45
219 61 47
220 65 38
220 64 40
220 63 42
220 62 44
220 61 46
221 65 37
221 64 39
221 63 41
221 62 43
221 61 45
221 60 47
222 65 36
222 64 38
222 63 40
222 62 42
222 61 44
222 60 46
223 65 35
223 64 37
223 63 39
223 62 41
223 61 43
223 60 45
223 59 47
224 64 36
224 63 38
224 62 40
224 61 42
224 60 44
224 59 46
225 64 35
225 63 37
225 62 39
225 61 41
225 60 43
225 59 45
225 58 47
226 63 36
226 62 38
226 61 40
226 60 42
226 59 44
226 58 46
227 63 35
227 62 37
227 61 39
227 60 41
227 59 43
227 58 45
227 57 47
228 62 36
228 61 38
228 60 40
228 59 42
228 58 44
228 57 46
229 62 35
229 61 37
229 60 39
229 59 41
229 58 43
229 57 45
229 56 47
1078 1
191 62 60
1068 20
213 56 59
213 55 61
213 54 63
213 53 65
213 52 67
214 55 60
214 54 62
214 53 64
214 52 66
214 51 68
215 55 59
215 54 61
215 53 63
215 52 65
215 51 67
216 54 60
216 53 62
216 52 64
216 51 66
216 50 68
1052 2
211 55 47
212 54 48
1099 6
205 58 58
205 57 60
206 58 57
206 57 59
207 57 58
207 56 60
1060 3
202 60 48
202 58 52
202 57 54
987 1
181 57 47
1045 3
188 66 42
189 66 41
189 65 43
1133 1
205 60 57
1005 4
192 52 60
194 51 60
196 50 60
198 49 60
1060 2
205 56 58
205 55 60
1156 4
246 54 54
246 53 56
247 54 53
247 53 55
1093 10
228 51 60
228 50 62
229 51 59
229 50 61
230 51 58
230 50 60
230 49 62
231 51 57
231 50 59
231 49 61
1189 3
229 59 58
230 59 57
230 58 59
1095 15
211 62 47
211 61 49
211 60 51
212 61 48
212 60 50
213 61 47
213 60 49
213 59 51
214 60 48
214 59 50
215 60 47
215 59 49
215 58 51
216 59 48
216 58 50
1104 27
214 69 48
214 68 50
214 67 52
215 69 47
215 68 49
215 67 51
216 68 48
216 67 50
216 66 52
217 68 47
217 67 49
217 66 51
218 67 48
218 66 50
218 65 52
219 67 47
219 66 49
219 65 51
220 66 48
220 65 50
220 64 52
221 66 47
221 65 49
221 64 51
222 65 48
222 64 50
222 63 52
1093 2
196 61 54
197 61 53
1099 2
203 56 58
205 55 58
1077 2
195 58 62
196 58 61
1111 3
203 64 58
203 63 60
204 63 59
1252 1
273 57 54
1121 3
229 57 55
230 56 56
231 56 55
1093 2
199 59 55
200 59 54
1038 7
200 60 49
200 59 51
201 60 48
201 59 50
202 60 47
202 59 49
202 58 51
1084 2
208 55 54
209 55 53
1131 3
234 59 48
236 58 48
238 57 48
1045 10
197 60 51
197 59 53
198 60 50
198 59 52
198 58 54
199 59 51
199 58 53
200 59 50
200 58 52
200 57 54
871 59
169 55 54
169 54 56
170 56 51
170 55 53
170 54 55
171 56 50
171 55 52
171 54 54
171 53 56
172 56 49
172 55 51
172 54 53
172 53 55
173 56 48
173 55 50
173 54 52
173 53 54
173 52 56
174 56 47
174 55 49
174 54 51
174 53 53
174 52 55
175 56 46
175 55 48
175 54 50
175 53 52
175 52 54
175 51 56
176 56 45
176 55 47
176 54 49
176 53 51
176 52 53
176 51 55
177 55 46
177 54 48
177 53 50
177 52 52
177 51 54
177 50 56
178 55 45
178 54 47
178 53 49
178 52 51
178 51 53
178 50 55
179 54 46
179 53 48
179 52 50
179 51 52
179 50 54
179 49 56
180 54 45
180 53 47
180 52 49
180 51 51
180 50 53
180 49 55
1213 4
238 68 41
238 67 43
239 68 40
239 67 42
995 14
194 57 60
194 56 62
195 57 59
195 56 61
196 57 58
196 56 60
196 55 62
197 57 57
197 56 59
197 55 61
198 57 56
198 56 58
198 55 60
198 54 62
1038 4
200 54 63
202 53 63
204 52 63
206 51 63
1046 2
186 55 62
188 54 62
997 4
192 54 51
194 53 51
196 52 51
198 51 51
1030 8
202 58 42
202 57 44
202 56 46
203 57 43
203 56 45
204 57 42
204 56 44
204 55 46
1000 9
202 56 56
202 55 58
203 55 57
204 55 56
204 54 58
205 54 57
206 54 56
206 53 58
207 53 57
1104 2
207 65 46
208 65 45
1232 2
265 55 56
267 54 56
1070 1
192 61 51
1008 2
172 63 54
173 63 53
1123 1
206 61 53
1304 4
310 63 49
311 63 48
312 63 47
312 62 49
1091 2
205 54 62
206 53 63
1394 4
287 72 50
288 72 49
289 72 48
290 72 47
1074 16
201 60 59
201 59 61
202 60 58
202 59 60
203 59 59
203 58 61
204 59 58
204 58 60
205 58 59
205 57 61
206 58 58
206 57 60
207 57 59
207 56 61
208 57 58
208 56 60
1153 1
211 77 43
1087 2
200 59 56
200 58 58
1015 1
171 59 59
1081 1
187 62 60
1291 4
252 75 45
253 75 44
256 73 45
257 73 44
995 3
198 51 57
200 50 57
202 49 57
913 18
176 52 48
177 52 47
178 51 48
179 51 47
180 50 48
181 50 47
182 49 48
183 49 47
184 48 48
185 48 47
186 47 48
187 47 47
188 46 48
189 46 47
190 45 48
191 45 47
192 44 48
193 44 47
1083 1
203 61 43
1042 4
194 65 41
194 64 43
196 64 41
196 63 43
1053 1
195 61 53
1088 1
200 66 46
1240 2
252 63 50
252 61 54
987 2
176 59 59
178 58 59
1067 1
186 66 45
1039 5
188 61 57
190 60 57
192 59 57
194 58 57
196 57 57
1362 9
319 53 62
320 53 61
321 52 62
322 52 61
323 51 62
324 51 61
325 50 62
326 50 61
327 49 62
933 9
149 65 48
149 64 50
150 65 47
150 64 49
150 63 51
151 64 48
151 63 50
152 64 47
152 63 49
1094 4
211 62 52
213 61 52
215 60 52
217 59 52
1100 2
213 58 53
215 57 53
1045 1
191 53 63
1061 1
209 58 40
1017 30
201 64 43
201 63 45
201 62 47
202 63 44
202 62 46
202 61 48
203 63 43
203 62 45
203 61 47
204 62 44
204 61 46
204 60 48
205 62 43
205 61 45
205 60 47
206 61 44
206 60 46
206 59 48
207 61 43
207 60 45
207 59 47
208 60 44
208 59 46
208 58 48
209 60 43
209 59 45
209 58 47
210 59 44
210 58 46
210 57 48
1196 1
246 64 44
977 12
179 59 54
179 58 56
180 58 55
181 58 54
181 57 56
182 57 55
183 57 54
183 56 56
184 56 55
185 56 54
185 55 56
186 55 55
1177 34
236 69 42
236 68 44
237 69 41
237 68 43
237 67 45
237 66 47
238 69 40
238 68 42
238 67 44
238 66 46
239 68 41
239 67 43
239 66 45
239 65 47
240 68 40
240 67 42
240 66 44
240 65 46
241 67 41
241 66 43
241 65 45
241 64 47
242 67 40
242 66 42
242 65 44
242 64 46
243 66 41
243 65 43
243 64 45
243 63 47
244 66 40
244 65 42
244 64 44
244 63 46
1091 1
184 62 68
1067 1
211 63 41
1089 1
202 61 57
1046 2
233 35 53
235 34 53
976 16
192 62 46
192 61 48
193 62 45
193 61 47
193 60 49
194 62 44
194 61 46
194 60 48
195 62 43
195 61 45
195 60 47
195 59 49
196 62 42
196 61 44
196 60 46
196 59 48
1358 8
285 67 55
285 66 57
285 65 59
285 64 61
286 66 56
286 65 58
286 64 60
286 63 62
1044 1
194 66 38
1083 4
208 58 55
208 57 57
209 57 56
209 56 58
1094 1
198 59 62
1163 2
213 63 58
215 62 58
999 3
189 58 50
191 57 50
193 56 50
1124 1
216 57 60
1076 8
201 55 64
201 54 66
202 54 65
203 54 64
203 53 66
204 53 65
205 53 64
205 52 66
1065 1
197 57 56
1089 1
210 57 62
1031 4
196 56 52
197 55 53
198 55 52
199 54 53
973 1
178 55 56
983 8
170 61 54
170 60 56
171 60 55
171 59 57
172 60 54
172 59 56
173 59 55
173 58 57
1064 1
203 53 63
1077 12
217 57 55
217 56 57
217 55 59
218 56 56
218 55 58
218 54 60
219 56 55
219 55 57
219 54 59
220 55 56
220 54 58
220 53 60
1095 18
219 58 57
220 58 56
220 57 58
221 58 55
221 57 57
222 58 54
222 57 56
222 56 58
223 57 55
223 56 57
224 57 54
224 56 56
224 55 58
225 56 55
225 55 57
226 56 54
226 55 56
226 54 58
1092 1
196 63 53
1165 1
207 65 59
1141 1
205 74 39
1059 7
201 64 45
202 63 46
203 63 45
204 62 46
205 62 45
206 61 46
207 61 45
1071 8
197 63 59
197 62 61
198 63 58
198 62 60
199 62 59
199 61 61
200 62 58
200 61 60
954 6
170 53 60
170 52 62
171 52 61
171 51 63
172 52 60
172 51 62
996 8
194 58 51
194 57 53
195 57 52
196 57 51
196 56 53
197 56 52
198 56 51
198 55 53
1101 1
188 65 61
1018 17
195 57 57
196 57 56
196 56 58
197 57 55
197 56 57
198 57 54
198 56 56
198 55 58
199 56 55
199 55 57
200 56 54
200 55 56
200 54 58
201 55 55
201 54 57
202 55 54
202 54 56
1305 3
265 64 55
267 63 55
269 62 55
1275 4
273 56 53
274 55 54
275 55 53
276 54 54
1058 3
203 62 42
204 61 43
205 61 42
1125 1
203 62 58
1068 3
213 56 50
214 55 51
215 55 50
1298 3
279 66 46
280 66 45
281 65 46
1102 1
182 71 53
1090 14
236 57 53
236 56 55
236 55 57
236 54 59
237 56 54
237 55 56
237 54 58
238 56 53
238 55 55
238 54 57
238 53 59
239 55 54
239 54 56
239 53 58
1075 2
204 59 48
206 58 48
1447 1
315 61 56
1075 1
200 54 62
1147 1
221 58 58
1063 4
194 62 59
195 62 58
195 61 60
196 61 59
1014 2
188 56 55
190 55 55
1123 4
213 58 58
213 57 60
214 57 59
214 56 61
920 8
175 63 31
175 62 33
175 61 35
175 60 37
176 62 32
176 61 34
176 60 36
176 59 38
1061 10
208 62 53
208 61 55
209 62 52
209 61 54
209 60 56
210 61 53
210 60 55
211 61 52
211 60 54
211 59 56
1042 8
205 63 61
205 62 63
206 63 60
206 62 62
207 62 61
207 61 63
208 62 60
208 61 62
1008 12
196 61 44
196 60 46
196 59 48
196 58 50
197 60 45
197 59 47
197 58 49
197 57 51
198 60 44
198 59 46
198 58 48
198 57 50
1128 2
211 62 60
212 62 59
1157 2
232 57 51
233 57 50
1082 8
192 62 58
192 61 60
193 62 57
193 61 59
194 61 58
194 60 60
195 61 57
195 60 59
948 8
187 43 57
188 43 56
189 42 57
190 42 56
191 41 57
192 41 56
193 40 57
194 40 56
1102 2
194 64 54
198 62 54
1069 6
189 64 57
190 64 56
191 63 57
192 63 56
193 62 57
194 62 56
1147 16
259 64 55
259 63 57
260 64 54
260 63 56
261 64 53
261 63 55
261 62 57
262 64 52
262 63 54
262 62 56
263 63 53
263 62 55
264 63 52
264 62 54
265 62 53
266 62 52
1196 5
243 66 38
243 64 42
243 63 44
244 64 41
244 63 43
1094 6
210 59 55
210 58 57
212 58 55
212 57 57
213 58 54
213 57 56
1092 4
212 60 46
213 59 47
214 59 46
215 58 47
1290 2
261 61 63
262 61 62
1014 5
181 59 57
183 58 57
185 57 57
187 56 57
189 55 57
954 2
194 60 42
196 59 42
1070 2
190 63 52
190 62 54
1047 1
194 61 59
1089 3
200 58 61
201 58 60
201 57 62
1076 2
199 60 50
200 60 49
1093 3
210 58 59
212 57 59
214 56 59
972 6
190 50 59
191 50 58
192 49 59
193 49 58
194 48 59
195 48 58
1100 6
197 59 58
198 59 57
201 57 58
202 57 57
205 55 58
206 55 57
1203 2
274 55 58
278 53 58
989 9
195 52 58
195 49 64
196 49 63
197 51 58
197 48 64
198 48 63
199 50 58
199 47 64
200 47 63
1170 2
228 57 59
229 57 58
1096 1
209 55 60
1048 1
191 55 54
1075 2
210 55 63
212 54 63
1127 2
229 68 37
231 67 37
1073 8
206 61 45
206 60 47
206 59 49
207 60 46
207 59 48
208 60 45
208 59 47
208 58 49
1031 3
190 60 56
191 59 57
192 59 56
1041 26
211 62 45
211 60 49
212 62 44
212 61 46
212 60 48
213 61 45
213 60 47
213 59 49
214 61 44
214 60 46
214 59 48
215 60 45
215 59 47
215 58 49
216 60 44
216 59 46
216 58 48
217 59 45
217 58 47
217 57 49
218 59 44
218 58 46
218 57 48
219 58 45
219 57 47
219 56 49
1087 2
207 55 57
207 54 59
938 48
189 50 54
189 49 56
189 48 58
189 47 60
190 50 53
190 49 55
190 48 57
190 47 59
191 50 52
191 49 54
191 48 56
191 47 58
191 46 60
192 50 51
192 49 53
192 48 55
192 47 57
192 46 59
193 49 52
193 48 54
193 47 56
193 46 58
193 45 60
194 49 51
194 48 53
194 47 55
194 46 57
194 45 59
195 48 52
195 47 54
195 46 56
195 45 58
195 44 60
196 48 51
196 47 53
196 46 55
196 45 57
196 44 59
197 47 52
197 46 54
197 45 56
197 44 58
197 43 60
198 47 51
198 46 53
198 45 55
198 44 57
198 43 59
1073 1
208 64 38
1096 93
252 62 57
252 61 59
252 59 63
252 58 65
252 57 67
253 62 56
253 61 58
253 59 62
253 58 64
253 57 66
254 62 55
254 61 57
254 60 59
254 59 61
254 58 63
254 57 65
254 56 67
255 62 54
255 61 56
255 60 58
255 59 60
255 58 62
255 57 64
255 56 66
256 62 53
256 61 55
256 60 57
256 59 59
256 58 61
256 57 63
256 56 65
257 62 52
257 61 54
257 60 56
257 59 58
257 58 60
257 57 62
257 56 64
258 62 51
258 61 53
258 60 55
258 59 57
258 58 59
258 57 61
258 56 63
259 62 50
259 61 52
259 60 54
259 59 56
259 58 58
259 57 60
259 56 62
260 62 49
260 61 51
260 60 53
260 59 55
260 58 57
260 57 59
260 56 61
261 62 48
261 61 50
261 60 52
261 59 54
261 58 56
261 57 58
261 56 60
262 62 47
262 61 49
262 60 51
262 59 53
262 58 55
262 57 57
262 56 59
263 61 48
263 60 50
263 59 52
263 58 54
263 57 56
263 56 58
264 61 47
264 60 49
264 58 53
264 57 55
264 56 57
265 60 48
265 58 52
265 57 54
265 56 56
266 60 47
266 57 53
266 56 55
267 57 52
267 56 54
1155 1
234 53 61
940 1
215 46 47
1128 4
209 61 55
209 60 57
211 60 55
211 59 57
909 10
159 55 52
159 54 54
160 54 53
161 54 52
161 53 54
162 53 53
163 53 52
163 52 54
164 52 53
165 52 52
1130 1
196 71 48
1118 8
221 64 54
221 63 56
221 62 58
222 63 55
222 62 57
223 63 54
223 62 56
223 61 58
925 80
195 53 55
195 52 57
195 51 59
195 50 61
195 49 63
196 52 56
196 51 58
196 50 60
196 49 62
196 48 64
197 52 55
197 51 57
197 50 59
197 49 61
197 48 63
198 51 56
198 50 58
198 49 60
198 48 62
198 47 64
199 51 55
199 50 57
199 49 59
199 48 61
199 47 63
200 50 56
200 49 58
200 48 60
200 47 62
200 46 64
201 50 55
201 49 57
201 48 59
201 47 61
201 46 63
202 49 56
202 48 58
202 47 60
202 46 62
202 45 64
203 49 55
203 48 57
203 47 59
203 46 61
203 45 63
204 48 56
204 47 58
204 46 60
204 45 62
204 44 64
205 48 55
205 47 57
205 46 59
205 45 61
205 44 63
206 47 56
206 46 58
206 45 60
206 44 62
206 43 64
207 47 55
207 46 57
207 45 59
207 44 61
207 43 63
208 46 56
208 45 58
208 44 60
208 43 62
208 42 64
209 46 55
209 45 57
209 44 59
209 43 61
209 42 63
210 45 56
210 44 58
210 43 60
210 42 62
210 41 64
1097 2
198 62 58
199 62 57
1051 3
192 59 55
193 59 54
194 58 55
1201 3
252 59 53
254 58 53
256 57 53
942 6
202 53 55
203 53 54
204 52 55
205 52 54
206 51 55
207 51 54
1017 4
215 43 60
215 42 62
216 43 59
216 42 61
955 14
178 57 57
178 56 59
179 57 56
179 56 58
180 57 55
180 56 57
180 55 59
181 57 54
181 56 56
181 55 58
182 57 53
182 56 55
182 55 57
182 54 59
1008 12
203 50 51
203 49 53
203 48 55
205 49 51
205 48 53
205 47 55
207 48 51
207 47 53
207 46 55
209 47 51
209 46 53
209 45 55
910 4
190 57 42
190 56 44
190 55 46
190 54 48
1073 1
203 57 60
1055 19
259 62 24
260 62 23
261 62 22
261 61 24
262 61 23
263 61 22
263 60 24
264 60 23
265 60 22
265 59 24
266 59 23
267 59 22
267 58 24
268 58 23
269 58 22
269 57 24
270 57 23
271 57 22
271 56 24
1007 5
192 52 57
193 51 58
194 51 57
195 50 58
196 50 57
1158 5
216 66 50
217 65 51
218 65 50
219 64 51
220 64 50
924 21
172 51 60
173 51 59
173 50 61
174 51 58
174 50 60
175 50 59
175 49 61
176 50 58
176 49 60
177 49 59
177 48 61
178 49 58
178 48 60
179 48 59
179 47 61
180 48 58
180 47 60
181 47 59
181 46 61
182 47 58
182 46 60
1281 1
277 54 52
1049 2
196 54 56
197 53 57
946 7
189 55 47
190 54 48
191 54 47
192 53 48
193 53 47
194 52 48
195 52 47
1410 4
309 60 61
311 59 61
313 58 61
315 57 61
1037 2
201 56 52
203 55 52
1085 1
215 53 58
1059 9
201 55 59
201 54 61
201 53 63
202 55 58
202 54 60
202 53 62
203 54 59
203 53 61
203 52 63
1036 12
200 60 58
200 59 60
202 59 58
202 58 60
204 58 58
204 57 60
206 57 58
206 56 60
208 56 58
208 55 60
210 55 58
210 54 60
1028 6
212 59 48
212 58 50
212 57 52
213 59 47
213 58 49
213 57 51
1145 3
224 56 61
226 55 61
228 54 61
1104 1
195 63 60
1066 2
200 58 50
200 57 52
1020 7
195 54 55
195 53 57
195 52 59
195 51 61
196 53 56
196 52 58
196 51 60
1020 6
190 54 57
190 53 59
191 53 58
191 52 60
192 53 57
192 52 59
1038 6
200 59 56
200 58 58
202 58 56
202 57 58
204 57 56
204 56 58
1070 3
177 67 60
179 66 60
181 65 60
1039 4
189 65 42
191 64 42
193 63 42
195 62 42
1084 1
210 54 57
1153 1
206 65 56
1012 10
213 58 51
214 58 50
215 58 49
215 57 51
216 58 48
216 57 50
217 58 47
217 57 49
218 57 48
219 57 47
1126 1
202 64 56
1102 4
220 62 59
221 62 58
222 62 57
222 61 59
1131 4
206 61 61
206 60 63
207 61 60
207 60 62
1049 2
206 56 43
208 55 43
979 3
204 46 53
205 46 52
205 45 54
1006 1
172 60 49
1083 10
199 54 69
199 53 71
200 53 70
200 52 72
201 53 69
201 52 71
202 52 70
202 51 72
203 52 69
203 51 71
1078 20
202 59 56
202 58 58
203 59 55
203 58 57
204 59 54
204 58 56
204 57 58
205 59 53
205 58 55
205 57 57
206 57 56
206 56 58
207 57 55
207 56 57
208 57 54
208 56 56
208 55 58
209 57 53
209 56 55
209 55 57
1057 2
203 56 58
205 55 58
1016 1
180 61 51
1155 2
225 63 55
226 63 54
1075 1
202 56 56
1105 4
188 65 70
188 64 72
189 64 71
189 63 73
1176 12
242 60 55
242 59 57
243 60 54
243 59 56
244 60 53
244 59 55
244 58 57
245 59 54
245 58 56
246 59 53
246 58 55
246 57 57
1020 20
191 58 53
191 57 55
191 56 57
191 55 59
192 57 54
192 56 56
192 55 58
192 54 60
193 57 53
193 56 55
193 55 57
193 54 59
194 56 54
194 55 56
194 54 58
194 53 60
195 56 53
195 55 55
195 54 57
195 53 59
1067 1
203 55 55
1254 1
248 59 60
1073 6
207 62 52
207 61 54
207 60 56
208 61 53
208 60 55
208 59 57
1240 2
263 79 35
267 77 35
1095 4
210 56 55
210 55 57
211 55 56
211 54 58
1148 1
229 59 45
1163 1
220 58 62
1062 6
214 58 52
214 57 54
214 56 56
216 57 52
216 56 54
216 55 56
1067 1
201 55 55
1047 1
193 58 58
1292 3
268 61 56
268 60 58
268 59 60
1319 1
298 57 46
1219 2
284 56 56
286 55 56
1036 3
181 60 62
182 60 61
183 60 60
1030 2
169 63 59
169 61 63
973 24
182 63 47
182 62 49
182 61 51
183 63 46
183 62 48
183 61 50
184 63 45
184 62 47
184 61 49
184 60 51
185 62 46
185 61 48
185 60 50
186 62 45
186 61 47
186 60 49
186 59 51
187 61 46
187 60 48
187 59 50
188 61 45
188 60 47
188 59 49
188 58 51
1278 1
268 57 57
1021 5
203 50 55
203 49 57
204 50 54
204 49 56
204 48 58
1105 2
216 57 59
217 57 58
1011 2
185 55 58
187 54 58
1074 2
203 59 52
204 59 51
1298 1
284 55 55
1062 2
199 54 57
199 53 59
1135 2
192 69 60
193 69 59
1076 6
196 58 61
196 57 63
198 57 61
198 56 63
200 56 61
200 55 63
1110 4
212 62 55
212 61 57
213 61 56
213 60 58
1019 10
179 58 62
179 57 64
179 56 66
179 55 68
180 56 65
180 55 67
181 57 62
181 56 64
181 55 66
181 54 68
1153 5
235 61 48
235 60 50
235 59 52
236 60 49
236 59 51
1419 1
295 69 47
1044 11
204 61 60
204 60 62
205 60 61
206 60 60
206 59 62
207 59 61
208 59 60
208 58 62
209 58 61
210 58 60
210 57 62
1058 1
206 59 48
1032 20
196 60 57
196 59 59
196 58 61
196 57 63
199 58 58
199 57 60
199 56 62
199 55 64
200 58 57
200 57 59
200 56 61
200 55 63
201 57 58
201 56 60
201 55 62
201 54 64
202 57 57
202 56 59
202 55 61
202 54 63
996 1
199 47 51
1086 2
196 66 46
197 66 45
944 6
208 50 50
209 50 49
210 50 48
210 49 50
211 50 47
211 49 49
1043 6
183 65 45
183 63 49
183 59 57
185 64 45
185 62 49
185 58 57
1304 4
312 50 54
313 50 53
314 50 52
314 49 54
1085 4
211 54 55
211 53 57
212 54 54
212 53 56
1017 2
191 53 57
192 53 56
1019 6
186 62 50
186 60 54
187 62 49
187 61 51
187 60 53
187 59 55
1087 2
191 68 54
191 67 56
1089 1
190 68 49
1093 1
217 47 64
1088 1
194 60 64
1011 2
181 65 41
183 64 41
938 1
177 55 54
1041 4
204 50 62
204 49 64
205 50 61
205 49 63
1154 1
214 59 58
1026 4
194 58 58
195 58 57
198 56 58
199 56 57
1111 2
206 62 52
207 62 51
1112 2
207 55 61
208 54 62
1165 1
204 65 61
1139 1
206 67 60
1342 11
314 63 49
315 64 46
315 63 48
315 62 50
316 64 45
316 63 47
316 62 49
317 64 44
317 63 46
317 62 48
317 61 50
1047 17
198 63 55
198 62 57
199 63 54
199 62 56
199 61 58
200 63 53
200 62 55
200 61 57
201 62 54
201 61 56
201 60 58
202 62 53
202 61 55
202 60 57
203 61 54
203 60 56
203 59 58
1059 4
193 56 60
193 54 64
195 55 60
195 53 64
1039 1
191 66 46
1007 17
198 53 53
198 52 55
198 51 57
199 52 54
199 51 56
200 52 53
200 51 55
200 50 57
201 51 54
201 50 56
202 51 53
202 50 55
202 49 57
203 50 54
203 49 56
204 50 53
204 49 55
1058 2
195 61 57
196 60 58
1114 1
200 60 61
1048 12
205 58 49
205 57 51
205 56 53
205 55 55
206 57 50
206 56 52
206 55 54
206 54 56
207 57 49
207 56 51
207 55 53
207 54 55
1066 2
202 53 56
202 52 58
1038 7
189 57 59
189 56 61
190 57 58
190 56 60
190 55 62
191 56 59
191 55 61
1091 4
208 57 56
208 56 58
209 57 55
209 56 57
1018 16
184 61 53
184 60 55
184 59 57
184 58 59
185 60 54
185 59 56
185 58 58
185 57 60
186 60 53
186 59 55
186 58 57
186 57 59
187 59 54
187 58 56
187 57 58
187 56 60
1123 4
209 60 64
209 59 66
210 60 63
210 59 65
1099 6
215 57 53
215 53 61
216 57 52
216 56 54
216 53 60
216 52 62
1066 2
204 54 54
205 54 53
1115 2
203 61 56
204 61 55
1122 5
236 59 49
237 59 48
238 59 47
238 58 49
239 58 48
1144 1
211 62 61
1049 1
194 54 63
1021 3
199 51 63
201 50 63
203 49 63
1070 12
215 62 43
215 60 47
216 62 42
216 60 46
217 61 43
217 59 47
218 61 42
218 59 46
219 60 43
219 58 47
220 60 42
220 58 46
1018 4
196 59 58
198 58 58
200 57 58
202 56 58
1000 3
160 60 64
162 59 64
163 59 63
1097 2
190 65 61
192 64 61
1189 6
251 70 35
251 69 37
252 70 34
252 69 36
253 69 35
253 68 37
936 50
172 58 53
172 57 55
172 56 57
172 55 59
172 54 61
173 58 52
173 57 54
173 56 56
173 55 58
173 54 60
174 57 53
174 56 55
174 55 57
174 54 59
174 53 61
175 57 52
175 56 54
175 55 56
175 54 58
175 53 60
176 56 53
176 55 55
176 54 57
176 53 59
176 52 61
177 56 52
177 55 54
177 54 56
177 53 58
177 52 60
178 55 53
178 54 55
178 53 57
178 52 59
178 51 61
179 55 52
179 54 54
179 53 56
179 52 58
179 51 60
180 54 53
180 53 55
180 52 57
180 51 59
180 50 61
181 54 52
181 53 54
181 52 56
181 51 58
181 50 60
1267 1
267 57 56
1097 4
193 68 52
193 67 54
195 67 52
195 66 54
1317 29
273 68 63
273 67 65
274 68 62
274 67 64
275 68 61
275 67 63
275 66 65
276 67 62
276 66 64
277 67 61
277 66 63
277 65 65
278 66 62
278 65 64
279 66 61
279 65 63
279 64 65
280 65 62
280 64 64
281 65 61
281 64 63
281 63 65
282 64 62
282 63 64
283 64 61
283 63 63
283 62 65
284 63 62
284 62 64
1250 6
275 56 51
276 56 50
276 55 52
277 55 51
278 55 50
278 54 52
1057 2
187 61 55
188 61 54
937 3
175 58 59
176 58 58
176 57 60
1069 1
191 59 56
1015 1
192 53 51
1046 6
202 65 55
203 65 54
204 64 55
205 64 54
206 63 55
207 63 54
1089 13
214 66 42
215 66 41
216 66 40
216 65 42
217 65 41
218 65 40
218 64 42
219 64 41
220 64 40
220 63 42
221 63 41
222 63 40
222 62 42
986 1
177 59 50
988 10
188 52 62
189 52 61
189 51 63
190 51 62
191 51 61
191 50 63
192 50 62
193 50 61
193 49 63
194 49 62
1152 1
212 62 61
891 20
172 55 58
173 55 57
174 55 56
174 54 58
175 55 55
175 54 57
176 55 54
176 54 56
176 53 58
177 54 55
177 53 57
178 54 54
178 53 56
178 52 58
179 53 55
179 52 57
180 53 54
180 52 56
181 52 55
182 52 54
953 55
187 56 46
187 55 48
187 54 50
187 53 52
187 52 54
187 51 56
188 55 47
188 54 49
188 53 51
188 52 53
188 51 55
189 55 46
189 54 48
189 53 50
189 52 52
189 51 54
189 50 56
190 54 47
190 53 49
190 52 51
190 51 53
190 50 55
191 54 46
191 53 48
191 52 50
191 51 52
191 50 54
191 49 56
192 53 47
192 52 49
192 51 51
192 50 53
192 49 55
193 53 46
193 52 48
193 51 50
193 50 52
193 49 54
193 48 56
194 52 47
194 51 49
194 50 51
194 49 53
194 48 55
195 52 46
195 51 48
195 50 50
195 49 52
195 48 54
195 47 56
196 51 47
196 50 49
196 49 51
196 48 53
196 47 55
1067 6
191 66 56
191 65 58
192 65 57
193 65 56
193 64 58
194 64 57
1210 5
250 58 51
250 57 53
250 56 55
251 57 52
251 56 54
1254 22
277 56 61
278 56 60
279 56 59
279 55 61
280 56 58
280 55 60
281 55 59
281 54 61
282 55 58
282 54 60
283 54 59
283 53 61
284 54 58
284 53 60
285 53 59
285 52 61
286 53 58
286 52 60
287 52 59
287 51 61
288 52 58
288 51 60
1050 6
188 62 55
188 61 57
188 60 59
189 61 56
189 60 58
189 59 60
1065 1
220 43 62
1137 23
277 54 58
278 54 57
279 54 56
279 53 58
280 54 55
280 53 57
281 54 54
281 53 56
281 52 58
282 54 53
282 53 55
282 52 57
283 54 52
283 53 54
283 52 56
283 51 58
284 53 53
284 52 55
284 51 57
285 53 52
285 52 54
285 51 56
285 50 58
1026 4
190 59 46
190 58 48
191 58 47
191 57 49
1097 13
54 1 315
55 1 314
95 1 274
96 1 273
202 1 167
203 1 166
204 1 165
263 1 106
264 1 105
265 1 104
307 1 62
308 1 61
371 0 0
977 11
184 61 48
185 60 49
186 60 48
187 59 49
188 59 48
189 58 49
190 58 48
191 57 49
192 57 48
193 56 49
194 56 48
1072 2
208 55 53
210 54 53
1063 3
194 56 55
195 56 54
195 55 56
1002 16
221 52 38
221 51 40
221 50 42
221 49 44
222 52 37
222 51 39
222 50 41
222 49 43
223 51 38
223 50 40
223 49 42
223 48 44
224 51 37
224 50 39
224 49 41
224 48 43
1089 1
202 55 59
998 26
203 57 50
203 56 52
204 56 51
204 55 53
205 56 50
205 55 52
206 55 51
206 54 53
207 55 50
207 54 52
208 54 51
208 53 53
209 54 50
209 53 52
210 53 51
210 52 53
211 53 50
211 52 52
212 52 51
212 51 53
213 52 50
213 51 52
214 51 51
214 50 53
215 51 50
215 50 52
959 49
185 59 60
186 59 59
186 58 61
187 59 58
187 58 60
188 59 57
188 58 59
188 57 61
189 59 56
189 58 58
189 57 60
190 59 55
190 58 57
190 57 59
190 56 61
191 59 54
191 58 56
191 57 58
191 56 60
192 59 53
192 58 55
192 57 57
192 56 59
192 55 61
193 59 52
193 58 54
193 57 56
193 56 58
193 55 60
194 58 53
194 57 55
194 56 57
194 55 59
194 54 61
195 58 52
195 57 54
195 56 56
195 55 58
195 54 60
196 57 53
196 56 55
196 55 57
196 54 59
196 53 61
197 57 52
197 56 54
197 55 56
197 54 58
197 53 60
1153 7
215 61 65
215 60 67
216 61 64
216 60 66
216 59 68
217 60 65
217 59 67
1152 3
216 63 63
218 62 63
220 61 63
1162 12
242 57 53
242 56 55
242 55 57
243 56 54
243 55 56
243 54 58
244 56 53
244 55 55
244 54 57
245 55 54
245 54 56
245 53 58
1119 1
199 66 55
1042 2
201 56 49
201 52 57
1064 2
201 61 55
202 61 54
1039 21
209 53 56
209 52 58
209 51 60
210 52 57
210 51 59
210 50 61
211 52 56
211 51 58
211 50 60
212 51 57
212 50 59
212 49 61
213 51 56
213 50 58
213 49 60
214 50 57
214 49 59
214 48 61
215 50 56
215 49 58
215 48 60
1076 1
200 69 39
1108 2
203 61 56
205 60 56
1330 1
280 62 53
1018 20
216 44 58
216 43 60
216 42 62
216 41 64
217 46 53
217 45 55
217 44 57
217 43 59
217 42 61
217 41 63
218 43 58
218 42 60
218 41 62
218 40 64
219 45 53
219 44 55
219 43 57
219 42 59
219 41 61
219 40 63
1056 1
205 54 53
1025 11
186 61 56
187 61 55
188 61 54
188 60 56
190 59 56
191 59 55
192 59 54
192 58 56
193 58 55
194 58 54
194 57 56
1109 1
213 57 52
1040 12
196 61 48
196 60 50
197 61 47
197 60 49
198 61 46
198 60 48
198 59 50
199 60 47
199 59 49
200 60 46
200 59 48
200 58 50
1048 5
196 61 59
196 59 63
196 58 65
197 59 62
197 58 64
1038 2
175 70 40
177 69 40
972 4
244 26 46
246 25 46
248 24 46
250 23 46
979 52
199 55 48
199 54 50
199 53 52
199 52 54
199 51 56
199 50 58
199 49 60
200 55 47
200 54 49
200 53 51
200 52 53
200 51 55
200 50 57
200 49 59
200 48 61
201 54 48
201 53 50
201 52 52
201 51 54
201 50 56
201 49 58
201 48 60
202 54 47
202 53 49
202 52 51
202 51 53
202 50 55
202 49 57
202 48 59
202 47 61
203 53 48
203 52 50
203 51 52
203 50 54
203 49 56
203 48 58
203 47 60
204 53 47
204 52 49
204 51 51
204 50 53
204 49 55
204 48 57
204 47 59
204 46 61
205 52 48
205 51 50
205 50 52
205 49 54
205 48 56
205 47 58
205 46 60
1067 24
205 65 50
205 64 52
205 63 54
206 65 49
206 64 51
206 63 53
207 64 50
207 63 52
207 62 54
208 64 49
208 63 51
208 62 53
209 63 50
209 62 52
209 61 54
210 63 49
210 62 51
210 61 53
211 62 50
211 61 52
211 60 54
212 62 49
212 61 51
212 60 53
1023 12
192 58 54
192 57 56
193 58 53
193 57 55
194 57 54
194 56 56
195 57 53
195 56 55
196 56 54
196 55 56
197 56 53
197 55 55
1041 4
196 57 63
197 57 62
197 56 64
198 56 63
1044 2
161 1 190
340 1 11
1024 14
200 55 57
200 54 59
201 55 56
201 54 58
202 54 57
202 53 59
203 54 56
203 53 58
204 53 57
204 52 59
205 53 56
205 52 58
206 52 57
206 51 59
991 10
210 55 55
211 55 54
212 55 53
212 54 55
213 55 52
213 54 54
214 54 53
214 53 55
215 54 52
215 53 54
917 14
192 53 55
193 53 54
194 53 53
194 52 55
195 53 52
195 52 54
196 53 51
196 52 53
196 51 55
197 52 52
197 51 54
198 52 51
198 51 53
198 50 55
1069 4
201 54 59
201 53 61
202 54 58
202 53 60
1053 1
191 57 63
965 8
190 63 36
191 62 37
192 62 36
193 61 37
194 61 36
195 60 37
196 60 36
197 59 37
1091 10
211 65 50
211 64 52
212 64 51
213 64 50
213 63 52
214 63 51
215 63 50
215 62 52
216 62 51
217 62 50
995 1
194 54 43
1039 7
203 61 46
204 61 45
205 60 46
206 60 45
207 59 46
208 59 45
209 58 46
1049 2
205 58 54
207 57 54
1057 16
201 57 64
201 56 66
201 55 68
201 54 70
202 57 63
202 56 65
202 55 67
202 54 69
205 55 64
205 54 66
205 53 68
205 52 70
206 55 63
206 54 65
206 53 67
206 52 69
1457 4
347 56 54
348 56 53
349 55 54
350 55 53
854 35
185 44 46
187 43 46
188 45 41
188 44 43
188 43 45
189 45 40
189 44 42
189 43 44
189 42 46
190 44 41
190 43 43
190 42 45
191 44 40
191 43 42
191 42 44
191 41 46
192 43 41
192 42 43
192 41 45
193 43 40
193 42 42
193 41 44
193 40 46
194 43 39
194 42 41
194 41 43
194 40 45
195 42 40
195 41 42
195 40 44
195 39 46
196 42 39
196 41 41
196 40 43
196 39 45
968 2
199 43 50
201 42 50
1032 1
187 57 55
1059 1
192 60 54
1013 2
197 52 52
198 51 53
1133 1
211 63 53
1126 2
204 79 24
204 77 28
1070 4
210 60 56
211 60 55
212 59 56
213 59 55
1034 12
198 57 59
199 56 60
200 56 59
201 55 60
202 55 59
203 54 60
204 54 59
205 53 60
206 53 59
207 52 60
208 52 59
209 51 60
1044 2
197 54 53
198 53 54
1053 3
207 52 59
209 51 59
211 50 59
1027 2
187 56 59
189 55 59
982 1
194 53 47
1473 3
342 57 55
344 56 55
346 55 55
1123 1
200 61 64
827 46
155 57 48
155 56 50
155 55 52
155 54 54
155 53 56
155 52 58
155 51 60
156 56 49
156 55 51
156 54 53
156 53 55
156 52 57
156 51 59
157 56 48
157 55 50
157 54 52
157 53 54
157 52 56
157 51 58
157 50 60
158 55 49
158 54 51
158 53 53
158 52 55
158 51 57
158 50 59
159 55 48
159 54 50
159 53 52
159 52 54
159 51 56
159 50 58
159 49 60
160 54 49
160 53 51
160 52 53
160 51 55
160 50 57
160 49 59
161 54 48
161 53 50
161 52 52
161 51 54
161 50 56
161 49 58
161 48 60
1133 10
216 61 58
216 60 60
216 59 62
216 58 64
217 59 61
217 58 63
218 60 58
218 59 60
218 58 62
218 57 64
1056 2
207 59 73
209 58 73
1161 1
231 59 64
924 2
160 53 59
161 52 60
1044 2
200 51 55
200 49 59
1041 4
216 48 53
216 47 55
217 48 52
217 47 54
1057 3
192 62 55
194 61 55
196 60 55
1106 6
230 62 43
231 63 40
231 62 42
232 61 43
233 62 40
233 61 42
927 1
173 50 54
1355 2
303 55 56
304 55 55
1050 2
194 59 50
194 58 52
1046 1
190 55 61
1091 4
192 71 51
192 70 53
193 71 50
193 70 52
1032 4
192 58 49
192 57 51
194 57 49
194 56 51
988 3
209 44 54
210 44 53
211 44 52
1089 1
203 56 58
1001 1
189 56 49
1215 1
282 60 56
1014 9
203 61 41
203 60 43
203 59 45
203 58 47
203 57 49
204 60 42
204 59 44
204 58 46
204 57 48
1055 1
185 68 42
1001 10
202 54 46
202 53 48
203 54 45
203 53 47
204 54 44
204 53 46
204 52 48
205 54 43
205 53 45
205 52 47
1078 2
199 61 63
200 61 62
1110 1
224 58 53
1266 1
265 60 60
1622 4
373 64 56
373 63 58
375 63 56
375 62 58
1078 14
218 50 59
218 49 61
219 50 58
219 49 60
220 49 59
220 48 61
221 49 58
221 48 60
222 48 59
222 47 61
223 48 58
223 47 60
224 47 59
224 46 61
1294 3
263 79 44
265 78 44
267 77 44
1216 25
266 54 53
266 53 55
266 52 57
266 51 59
267 54 52
267 53 54
267 52 56
267 51 58
268 54 51
268 53 53
268 52 55
268 51 57
268 50 59
269 53 52
269 52 54
269 51 56
269 50 58
270 52 53
270 51 55
270 50 57
270 49 59
271 52 52
271 51 54
271 50 56
271 49 58
1061 3
201 51 64
203 50 64
205 49 64
831 1
173 58 45
1023 2
176 58 59
178 57 59
1199 2
243 61 48
244 60 49
956 32
195 55 58
196 55 57
197 55 56
197 54 58
198 55 55
198 54 57
199 55 54
199 54 56
199 53 58
200 55 53
200 54 55
200 53 57
201 54 54
201 53 56
201 52 58
202 53 55
202 52 57
203 53 54
203 52 56
203 51 58
204 52 55
204 51 57
205 52 54
205 51 56
205 50 58
206 51 55
206 50 57
207 51 54
207 50 56
207 49 58
208 50 55
208 49 57
990 6
191 58 43
191 57 45
192 57 44
193 57 43
193 56 45
194 56 44
957 1
156 60 53
1144 3
230 57 58
232 56 58
234 55 58
1034 8
201 53 61
201 52 63
202 52 62
202 51 64
203 52 61
203 51 63
204 51 62
204 50 64
1084 18
185 81 54
185 80 56
186 80 55
186 79 57
187 80 54
187 79 56
188 79 55
188 78 57
189 79 54
189 78 56
190 78 55
190 77 57
191 78 54
191 77 56
192 77 55
192 76 57
193 77 54
193 76 56
1336 20
297 63 48
297 62 50
298 62 49
298 61 51
299 62 48
299 61 50
300 61 49
300 60 51
301 61 48
301 60 50
302 60 49
302 59 51
303 60 48
303 59 50
304 59 49
304 58 51
305 59 48
305 58 50
306 58 49
306 57 51
1197 2
257 54 52
258 53 53
1026 2
194 59 47
196 58 47
978 2
187 54 53
189 53 53
1167 6
234 69 43
234 67 47
235 69 42
235 67 46
236 68 43
236 66 47
1069 1
201 59 49
1046 2
202 54 52
206 52 52
1111 4
205 60 62
206 60 61
206 59 63
207 59 62
982 4
172 62 45
173 62 44
173 61 46
174 61 45
1016 2
192 55 52
194 54 52
976 2
186 53 47
186 52 49
994 24
194 59 47
194 58 49
194 57 51
195 59 46
195 58 48
195 57 50
196 59 45
196 58 47
196 57 49
196 56 51
197 58 46
197 57 48
197 56 50
198 58 45
198 57 47
198 56 49
198 55 51
199 57 46
199 56 48
199 55 50
200 57 45
200 56 47
200 55 49
200 54 51
875 4
159 56 55
159 55 57
160 56 54
160 55 56
914 40
176 51 52
176 50 54
176 49 56
176 48 58
177 51 51
177 50 53
177 49 55
177 48 57
177 47 59
178 50 52
178 49 54
178 48 56
178 47 58
179 50 51
179 49 53
179 48 55
179 47 57
179 46 59
180 49 52
180 48 54
180 47 56
180 46 58
181 49 51
181 48 53
181 47 55
181 46 57
181 45 59
182 48 52
182 47 54
182 46 56
182 45 58
183 48 51
183 47 53
183 46 55
183 45 57
183 44 59
184 47 52
184 46 54
184 45 56
184 44 58
1187 1
228 58 65
1023 4
205 46 61
206 46 60
207 45 61
208 45 60
1056 5
198 54 61
199 54 60
200 54 59
200 53 61
202 52 61
1055 2
185 64 58
186 64 57
1034 2
197 55 56
199 54 56
1048 2
197 61 49
197 60 51
1195 26
254 63 54
255 64 51
255 63 53
256 64 50
256 63 52
256 62 54
257 63 51
257 62 53
258 63 50
258 62 52
258 61 54
259 62 51
259 61 53
260 62 50
260 61 52
260 60 54
261 61 51
261 60 53
262 61 50
262 60 52
262 59 54
263 60 51
263 59 53
264 60 50
264 59 52
264 58 54
1054 2
192 59 54
194 58 54
1103 2
213 58 59
215 57 59
1081 1
195 61 50
1057 1
191 62 55
1108 1
196 67 53
1088 1
180 67 57
1026 2
204 65 33
206 64 33
949 3
182 53 53
184 52 53
186 51 53
1033 4
200 52 58
200 50 62
200 49 64
200 48 66
1042 8
182 63 61
183 69 48
183 67 52
183 63 60
184 69 47
184 67 51
184 63 59
184 62 61
1032 3
205 51 53
206 51 52
206 50 54
979 15
183 57 53
183 56 55
183 55 57
184 56 54
184 55 56
185 56 53
185 55 55
185 54 57
186 55 54
186 54 56
187 55 53
187 54 55
187 53 57
188 54 54
188 53 56
929 3
226 56 32
226 54 36
226 53 38
1001 5
198 48 55
199 48 54
200 48 53
200 47 55
201 47 54
994 1
209 40 53
1067 3
189 67 60
191 66 60
193 65 60
1043 14
211 58 58
211 57 60
211 56 62
211 55 64
212 57 59
212 56 61
212 55 63
213 57 58
213 56 60
213 55 62
213 54 64
214 56 59
214 55 61
214 54 63
1104 1
192 68 54
1192 3
232 59 54
235 58 53
236 57 54
1100 2
185 68 59
187 67 59
1136 1
210 62 57
1041 1
190 60 52
1038 1
195 54 59
1082 10
192 71 53
192 70 55
193 70 54
193 69 56
194 70 53
194 69 55
195 69 54
195 68 56
196 69 53
196 68 55
1308 4
298 56 57
298 55 59
299 56 56
299 55 58
1062 6
198 62 54
198 61 56
199 62 53
199 61 55
200 61 54
200 60 56
1050 1
198 56 57
1119 30
249 58 46
250 58 45
251 58 44
251 57 46
252 58 43
252 57 45
253 58 42
253 57 44
253 56 46
254 58 41
254 57 43
254 56 45
255 57 42
255 56 44
255 55 46
256 57 41
256 56 43
256 55 45
257 56 42
257 55 44
257 54 46
258 56 41
258 55 43
258 54 45
259 55 42
259 54 44
259 53 46
260 55 41
260 54 43
260 53 45
1123 1
231 58 45
1025 2
202 55 59
203 54 60
1018 1
202 54 60
956 6
186 45 57
186 44 59
187 44 58
187 43 60
188 44 57
188 43 59
1120 2
212 66 51
213 66 50
980 5
192 57 53
193 57 52
194 57 51
194 56 53
195 56 52
942 18
187 54 49
187 53 51
188 53 50
189 53 49
189 52 51
190 52 50
191 52 49
191 51 51
192 51 50
193 51 49
193 50 51
194 50 50
195 50 49
195 49 51
196 49 50
197 49 49
197 48 51
198 48 50
1150 1
225 54 59
1080 4
206 60 51
207 60 50
208 59 51
209 59 50
845 9
174 48 58
175 48 57
176 48 56
176 47 58
177 48 55
177 47 57
178 48 54
178 47 56
178 46 58
1010 14
190 58 60
191 58 59
192 58 58
192 57 60
193 58 57
193 57 59
194 58 56
194 57 58
194 56 60
195 57 57
195 56 59
196 57 56
196 56 58
196 55 60
1131 1
218 59 55
1163 3
249 60 48
250 60 47
250 59 49
1115 7
199 60 63
199 59 65
200 60 62
200 59 64
200 58 66
201 59 63
201 58 65
1093 2
205 56 56
207 55 56
1121 2
228 55 51
228 54 53
1326 2
285 66 47
287 65 47
1103 2
206 56 59
207 56 58
1032 42
184 64 57
184 63 59
184 62 61
184 61 63
184 60 65
184 59 67
184 58 69
184 57 71
185 64 56
185 63 58
185 62 60
185 61 62
185 60 64
185 59 66
185 58 68
185 57 70
186 64 55
186 63 57
186 62 59
186 61 61
186 60 63
186 59 65
186 58 67
186 57 69
186 56 71
187 64 54
187 63 56
187 62 58
187 61 60
187 60 62
187 59 64
187 58 66
187 57 68
187 56 70
188 63 55
188 62 57
188 61 59
188 60 61
188 59 63
188 58 65
188 57 67
188 56 69
1004 1
185 58 43
1063 8
209 56 60
209 55 62
209 54 64
210 55 61
210 54 63
211 55 60
211 54 62
211 53 64
1021 1
198 54 54
1244 2
259 58 53
259 57 55
974 3
191 54 49
193 53 49
195 52 49
1293 2
274 62 55
275 62 54
1205 2
236 61 57
237 61 56
1124 2
218 56 59
220 55 59
998 2
182 1 153
321 1 14
997 3
164 58 63
164 57 65
165 58 62
1061 2
199 54 56
199 53 58
1091 1
201 61 56
1004 1
194 53 53
1097 2
203 62 55
203 61 57
1074 6
217 59 45
217 58 47
218 58 46
218 57 48
219 58 45
219 57 47
1010 8
196 61 52
196 60 54
196 57 60
197 61 51
197 60 53
197 59 55
197 57 59
197 56 61
1251 1
243 63 57
1120 1
194 65 59
1151 12
228 58 55
228 57 57
228 56 59
229 58 54
229 57 56
229 56 58
230 57 55
230 56 57
230 55 59
231 57 54
231 56 56
231 55 58
1452 2
319 60 57
320 60 56
1026 25
240 48 54
241 48 53
242 48 52
242 47 54
243 48 51
243 47 53
244 48 50
244 47 52
244 46 54
245 47 51
245 46 53
246 47 50
246 46 52
246 45 54
247 46 51
247 45 53
248 46 50
248 45 52
248 44 54
249 45 51
249 44 53
250 44 52
250 43 54
251 44 51
251 43 53
1065 2
205 58 52
207 57 52
927 50
180 56 58
180 55 60
181 56 57
181 55 59
182 56 56
182 55 58
182 54 60
183 56 55
183 55 57
183 54 59
184 56 54
184 55 56
184 54 58
184 53 60
185 56 53
185 55 55
185 54 57
185 53 59
186 55 54
186 54 56
186 53 58
186 52 60
187 55 53
187 54 55
187 53 57
187 52 59
188 54 54
188 53 56
188 52 58
188 51 60
189 54 53
189 53 55
189 52 57
189 51 59
190 53 54
190 52 56
190 51 58
190 50 60
191 53 53
191 52 55
191 51 57
191 50 59
192 52 54
192 51 56
192 50 58
192 49 60
193 52 53
193 51 55
193 50 57
193 49 59
1026 8
200 54 55
200 53 57
201 53 56
201 52 58
202 53 55
202 52 57
203 52 56
203 51 58
989 5
184 58 51
184 57 53
184 56 55
184 55 57
184 54 59
1046 2
205 48 63
205 47 65
1090 2
212 56 60
213 55 61
974 47
179 61 59
179 60 61
179 59 63
179 58 65
180 61 58
180 60 60
180 59 62
180 58 64
182 59 60
182 58 62
182 57 64
183 59 59
183 58 61
183 57 63
183 56 65
184 59 58
184 58 60
184 57 62
184 56 64
185 58 59
185 57 61
185 56 63
185 55 65
186 58 58
186 57 60
186 56 62
186 55 64
187 57 59
187 56 61
187 55 63
187 54 65
188 57 58
188 56 60
188 55 62
188 54 64
189 56 59
189 55 61
189 54 63
189 53 65
190 56 58
190 55 60
190 54 62
190 53 64
191 55 59
191 54 61
191 53 63
191 52 65
1172 1
238 61 40
1033 1
198 50 55
1158 4
259 58 46
260 58 45
261 58 44
262 58 43
1158 3
215 72 47
215 71 49
216 71 48
1029 13
207 57 57
207 56 59
208 57 56
208 56 58
209 57 55
209 56 57
209 55 59
210 57 54
210 56 56
210 55 58
211 56 55
211 55 57
211 54 59
1092 1
205 60 52
1089 2
207 56 58
207 55 60
1073 1
199 58 54
1278 3
270 59 56
271 59 55
271 58 57
1097 8
206 57 63
206 55 67
207 57 62
207 55 66
208 56 63
208 54 67
209 56 62
209 54 66
1019 5
198 51 60
198 50 62
199 50 61
200 50 60
200 49 62
1105 27
244 56 49
244 55 51
244 54 53
244 53 55
245 56 48
245 55 50
245 54 52
245 53 54
245 52 56
246 55 49
246 54 51
246 53 53
246 52 55
247 55 48
247 54 50
247 53 52
247 52 54
247 51 56
248 54 49
248 53 51
248 52 53
248 51 55
249 54 48
249 53 50
249 52 52
249 51 54
249 50 56
1043 3
185 58 60
187 57 60
189 56 60
1206 1
222 65 56
1014 29
205 58 52
206 58 51
206 57 53
207 58 50
207 57 52
208 58 49
208 57 51
208 56 53
209 58 48
209 57 50
209 56 52
210 58 47
210 57 49
210 56 51
210 55 53
211 58 46
211 57 48
211 56 50
211 55 52
212 57 47
212 56 49
212 55 51
212 54 53
213 56 48
213 55 50
213 54 52
214 56 47
214 55 49
214 54 51
1024 9
188 58 58
188 57 60
189 58 57
189 57 59
189 56 61
190 57 58
190 56 60
191 57 57
191 56 59
1155 2
216 58 61
217 58 60
1024 19
185 66 48
185 65 50
186 66 47
186 65 49
186 64 51
187 65 48
187 64 50
188 65 47
188 64 49
188 63 51
189 64 48
189 63 50
190 64 47
190 63 49
190 62 51
191 63 48
191 62 50
192 63 47
192 62 49
