896 246 46 42
1031 213 60 47
965 208 56 60
1069 207 58 57
1003 201 53 73
1082 213 59 49
993 190 46 98
931 185 69 57
1111 198 62 58
1041 230 48 54
1097 207 59 55
1060 207 57 59
1011 201 53 73
1102 209 57 57
1063 201 59 61
1028 202 58 62
1088 202 58 62
988 185 69 57
983 201 53 73
991 202 68 42
941 196 63 58
895 201 53 73
845 201 53 73
1085 210 58 54
961 219 55 51
975 219 71 19
927 225 41 73
1068 199 62 57
821 201 53 73
1043 185 67 61
1015 201 53 73
1095 271 34 41
851 201 53 73
1054 202 59 60
1069 214 58 50
1074 227 54 45
978 232 67 14
793 232 67 14
1081 195 66 53
1076 202 58 62
915 232 67 14
973 201 53 73
886 232 67 14
1094 196 63 58
893 201 53 73
1052 198 63 56
1104 221 61 37
987 201 53 73
963 196 61 62
919 192 61 66
1047 184 69 58
1007 207 61 51
780 66 46 222
827 201 53 73
1089 193 67 53
1063 207 57 59
1082 226 49 56
923 201 53 73
863 232 67 14
1078 207 58 57
1070 215 54 57
995 185 69 57
895 201 53 73
1089 213 53 61
992 199 61 59
895 185 69 57
963 201 53 73
1031 202 63 52
855 232 67 14
1075 202 59 60
975 185 69 57
1085 202 60 58
975 225 41 73
1021 191 66 57
1085 201 59 61
939 201 53 73
1058 213 62 43
1072 201 61 57
1013 219 62 37
1092 191 64 61
1056 213 54 59
1063 214 58 50
1101 207 57 59
1064 204 60 56
911 201 53 73
1031 196 69 46
1125 203 60 57
995 201 53 73
1066 207 57 59
1052 241 44 51
1062 221 51 57
1066 219 60 41
1088 213 59 49
1044 213 60 47
1087 202 61 56
1097 207 57 59
1083 200 58 64
1077 200 61 58
957 262 46 26
1061 222 52 54
1089 202 60 58
1055 203 61 55
1083 213 55 57
1063 230 52 46
1052 204 61 54
857 201 53 73
1036 232 67 14
1014 203 58 61
1061 207 55 63
1007 201 53 73
961 201 53 73
1019 207 65 43
1023 209 56 59
1096 208 63 46
988 262 46 26
1049 201 53 73
967 201 53 73
1120 205 61 53
825 232 67 14
1101 206 55 64
837 232 67 14
1073 207 57 59
1038 210 64 42
1092 201 59 61
949 201 53 73
1079 191 63 63
940 232 67 14
1003 207 58 57
823 201 53 73
1069 207 66 41
1030 196 74 36
1063 196 64 56
1088 201 66 47
998 232 67 14
973 201 53 73
1031 201 53 73
1052 196 63 58
819 232 67 14
823 201 53 73
1071 213 57 53
1090 213 57 53
1011 201 53 73
1047 219 60 41
1038 207 65 43
1028 246 46 42
969 201 53 73
1032 232 54 40
1094 191 60 69
1067 213 63 41
1086 202 60 58
993 246 46 42
1011 197 68 47
858 232 67 14
1045 207 66 41
1083 209 58 55
1100 198 60 62
1089 207 58 57
987 201 53 73
1085 213 54 59
1091 202 56 66
1059 201 53 73
1071 208 55 62
1021 201 53 73
925 201 53 73
933 201 53 73
1081 203 56 65
1058 219 52 57
1059 216 55 54
1106 196 65 54
1094 206 59 56
1091 202 69 40
1071 207 63 47
1064 196 62 60
873 201 53 73
1027 200 62 56
1103 188 66 60
1041 202 58 62
938 232 67 14
967 232 67 14
1069 205 65 45
1108 202 60 58
1077 215 56 53
909 232 67 14
1108 184 71 54
1024 232 50 48
1077 207 63 47
802 232 67 14
1077 201 53 73
1083 219 52 57
1069 196 63 58
985 185 69 57
1098 208 57 58
849 262 46 26
1046 207 60 53
1012 196 63 58
1025 207 61 51
1073 208 57 58
1088 229 51 49
1097 193 64 59
837 201 53 73
1107 196 64 56
1080 192 65 58
948 239 48 45
1042 246 46 42
1084 208 58 56
1097 213 60 47
942 262 46 26
995 201 53 73
978 207 65 43
1057 192 67 54
1058 196 62 60
1097 201 59 61
1069 207 62 49
1077 209 56 59
955 201 53 73
1097 208 56 60
955 246 46 42
989 201 53 73
1078 226 51 52
1099 210 55 60
987 201 53 73
1066 207 55 63
1050 220 62 36
1087 209 61 49
1043 197 61 61
1041 219 58 45
1087 207 55 63
917 201 53 73
1090 208 67 38
974 234 52 42
1071 227 47 59
966 219 55 51
1107 207 59 55
783 201 53 73
1102 193 69 49
1043 216 55 54
984 208 56 60
1097 198 62 58
1047 202 61 56
1012 246 46 42
968 207 58 57
1021 223 45 67
947 185 69 57
981 201 53 73
913 202 62 54
1079 204 58 60
974 239 59 23
977 201 53 73
1084 213 59 49
859 185 69 57
971 262 46 26
1015 201 53 73
937 185 69 57
810 262 46 26
1045 208 59 54
1087 215 53 59
1076 205 57 61
1042 202 60 58
1031 214 59 48
1078 217 51 61
1101 196 62 60
1053 201 53 73
1005 201 53 73
991 185 69 57
1043 207 58 57
1079 180 69 62
1027 201 53 73
1090 211 56 57
1099 203 61 55
1011 219 57 47
1105 198 63 56
1035 214 55 56
1093 204 58 60
1027 207 68 37
943 262 30 58
901 201 53 73
1094 201 53 73
1086 209 57 57
1067 209 56 59
977 201 53 73
1057 219 53 55
1075 205 58 59
1079 185 63 69
1029 232 52 44
1021 201 53 73
1065 207 58 57
1003 262 46 26
1064 207 60 53
913 262 46 26
1103 211 56 57
1094 227 54 45
1086 216 51 62
1056 213 57 53
1057 207 59 55
1055 198 61 60
943 262 46 26
908 262 46 26
926 262 46 26
1030 194 61 64
979 201 53 73
989 196 66 52
965 262 46 26
1001 201 53 73
1077 207 57 59
975 201 53 73
1079 207 60 53
934 262 46 26
1039 201 53 73
1097 190 66 58
1088 202 57 64
1066 207 59 55
1001 201 53 73
1054 228 52 48
840 262 46 26
1025 207 56 61
1077 209 61 49
1041 203 58 61
923 201 53 73
1092 198 67 48
977 219 54 53
1003 201 53 73
882 262 46 26
1095 213 55 57
981 201 53 73
1017 191 68 53
1084 191 67 55
1103 191 69 51
1101 219 48 65
1089 196 60 64
969 201 53 73
893 201 53 73
1049 207 55 63
1112 211 56 57
1037 202 60 58
1103 205 62 51
1118 208 55 62
1097 202 59 60
1067 199 61 59
814 262 46 26
1046 202 62 54
1045 201 53 73
1061 193 69 49
993 201 53 73
1061 197 61 61
1110 199 60 61
1069 207 60 53
1041 201 53 73
1025 201 53 73
1096 208 58 56
1009 201 53 73
1076 204 57 62
1091 214 56 54
1057 207 60 53
1113 204 60 56
1046 226 53 48
1080 203 59 59
1043 201 53 73
1035 207 52 69
1064 219 59 43
1019 207 57 59
921 201 53 73
1094 191 64 61
1002 232 60 28
899 201 53 73
971 262 46 26
1092 192 68 52
866 262 46 26
967 262 46 26
1045 196 62 60
933 191 62 65
1047 201 53 73
951 201 53 73
1032 207 60 53
1064 213 63 41
933 201 53 73
985 201 53 73
1079 208 56 60
899 201 53 73
927 201 53 73
1070 192 66 56
1030 246 46 42
931 262 46 26
1063 191 65 59
1061 226 45 64
935 246 42 50
981 201 53 73
1085 195 5 175
983 201 53 73
1081 213 56 55
1027 201 53 73
1029 225 57 41
1073 207 56 61
1031 213 57 53
1001 197 61 61
1069 210 54 62
1055 213 52 63
1051 234 47 52
1095 196 66 52
1023 201 53 73
1069 202 62 54
1062 214 54 58
1084 200 70 40
1105 202 61 56
911 262 46 26
1023 227 42 69
1057 207 58 57
1032 205 58 59
1112 214 57 52
1053 202 62 54
1053 198 61 60
987 201 53 73
905 262 46 26
999 201 53 73
1052 207 62 49
1031 196 63 58
1050 197 60 63
971 280 19 62
1048 208 55 62
1004 214 56 54
954 207 57 59
1063 207 56 61
1063 198 57 68
967 201 53 73
1077 208 61 50
923 201 53 73
1060 210 62 46
1060 208 59 54
1060 202 57 64
743 262 46 26
771 262 46 26
863 201 53 73
993 201 53 73
1055 201 53 73
977 201 53 73
1091 209 59 53
1104 202 77 24
1052 207 59 55
1057 207 56 61
1003 201 53 73
1069 210 55 60
1007 201 53 73
935 201 53 73
748 262 46 26
1099 196 60 64
761 262 46 26
1079 207 58 57
1011 201 53 73
1034 221 50 59
807 147 35 163
1003 201 53 73
1043 222 50 58
1073 196 64 56
1053 217 62 39
819 201 53 73
875 262 46 26
1031 201 53 73
1021 201 53 73
1076 192 69 50
999 201 53 73
961 225 41 73
1099 205 57 61
953 201 53 73
907 262 46 26
1041 204 64 48
1035 185 69 57
997 213 58 51
1066 198 60 62
1069 215 56 53
946 262 46 26
609 0 190 0
1083 220 50 60
887 262 46 26
1001 262 46 26
1059 201 53 73
839 196 62 60
963 201 53 73
1043 246 46 42
981 203 58 61
955 201 53 73
833 201 53 73
1063 227 48 57
1055 213 52 63
1020 180 72 56
868 262 46 26
1030 246 41 52
1013 201 53 73
949 201 53 73
1032 222 59 40
1063 207 62 49
1029 225 41 73
1089 203 58 61
901 201 53 73
981 201 53 73
887 201 53 73
1001 207 62 49
817 147 35 163
837 201 53 73
1053 219 56 49
1007 225 41 73
1053 201 53 73
1076 186 68 58
1035 201 53 73
1063 202 63 52
978 246 45 44
1043 201 53 73
1077 207 57 59
1059 201 53 73
1070 192 65 58
1097 195 66 53
1087 180 70 60
1041 207 68 37
899 201 53 73
1031 201 53 73
1058 185 64 67
1017 207 63 47
955 201 53 73
941 228 60 32
955 201 53 73
909 201 53 73
1058 192 64 60
1028 207 57 59
1098 192 67 54
1068 246 46 42
1100 187 67 59
1091 205 59 57
1025 185 69 57
1029 201 53 73
1060 191 67 55
881 262 46 26
1074 199 64 53
1055 202 58 62
1022 239 51 39
1072 227 54 45
1037 204 58 60
1024 207 56 61
855 201 53 73
1062 206 63 48
1000 202 61 56
925 201 53 73
1102 222 50 58
1088 207 61 51
825 201 53 73
1035 196 61 62
1087 213 56 55
1022 237 48 47
1109 198 60 62
1097 208 57 58
1091 226 51 52
890 262 46 26
1105 208 56 60
1059 188 62 68
921 201 53 73
1060 208 56 60
1015 201 53 73
996 262 46 26
945 201 53 73
922 262 46 26
1036 246 41 52
1089 219 51 59
881 147 35 163
919 201 53 73
1023 201 53 73
1091 202 61 56
971 201 53 73
1091 203 61 55
1074 219 58 45
1031 197 64 55
1004 262 46 26
1108 191 65 59
1073 226 50 54
794 147 35 163
996 246 42 50
1084 208 60 52
952 196 62 60
1033 207 57 59
961 201 53 73
1043 207 56 61
1077 211 54 61
1001 196 61 62
1080 236 52 40
975 201 53 73
1018 244 47 42
1054 211 62 45
1032 209 57 57
1102 207 60 53
1100 208 56 60
1073 201 60 59
949 262 46 26
1090 205 56 63
1019 207 55 63
1030 238 47 48
1023 201 53 73
1057 219 71 19
1035 213 57 53
1025 196 61 62
1097 215 52 61
1041 196 66 52
