476494 280 3 94
476365 246 3 128
476258 237 3 137
476096 314 3 60
476007 225 3 149
475802 287 2 89
475760 259 2 117
475699 251 2 125
474924 236 1 142
474829 203 4 169
473745 329 1 49
473379 136 1 242
473357 104 1 274
473339 26 1 352
473327 374 1 4
473212 194 3 180
472525 162 2 214
472488 67 2 309
472485 92 2 284
472333 190 4 182
471850 175 3 199
471635 104 3 270
471209 179 4 193
470767 128 4 244
470756 43 4 329
470736 86 4 286
469999 165 5 205
469910 345 5 25
469866 63 5 307
469864 61 5 309
468999 76 6 292
468992 351 6 17
468154 151 7 215
468077 52 7 314
468047 365 7 1
466360 124 9 238
466302 53 9 309
464995 171 13 183
464761 326 14 26
464550 347 11 11
463680 61 12 295
463679 114 12 242
463676 133 12 223
462792 101 13 253
462781 17 13 337
462779 98 13 256
462720 50 13 304
461930 334 15 16
461891 99 14 253
461841 69 14 283
461734 164 17 182
460997 8 15 342
460430 339 16 9
460286 341 16 7
460113 142 16 206
460051 106 16 242
459680 160 20 180
459136 12 17 334
459119 51 17 295
458259 72 18 272
458138 31 18 313
457337 105 19 237
457290 121 19 221
456695 140 20 200
456417 84 20 256
455525 126 21 212
455509 101 21 237
455495 90 21 248
455487 110 21 228
454611 75 22 261
454573 74 22 262
454565 121 22 215
454499 50 22 286
452904 128 24 204
452679 52 24 280
451736 40 25 290
450035 115 27 211
449900 48 27 278
449028 82 28 242
449026 56 28 268
447846 126 30 194
447206 63 30 257
447187 84 30 236
447174 100 30 220
447102 7 30 313
446432 127 32 189
446257 59 31 259
446161 15 31 303
445400 107 32 209
445308 74 32 242
444435 122 34 190
444375 76 33 238
444053 117 34 195
443435 60 34 252
442183 113 36 195
441595 89 36 219
441548 52 36 256
440645 67 37 239
440604 43 37 263
440578 2 37 304
440566 10 37 296
440011 104 38 200
439427 108 39 194
438763 55 39 247
438753 44 39 258
437810 44 40 256
437756 11 40 289
437554 104 41 194
437413 102 41 196
436816 10 41 288
435958 57 42 239
434995 42 43 252
434054 23 44 269
434054 20 44 272
433237 80 45 210
433094 27 45 263
432197 13 46 275
432157 1 46 287
431368 75 47 211
431298 60 47 226
431223 30 47 256
430335 15 48 269
430288 37 48 247
429331 32 49 250
428532 68 50 212
428095 83 51 195
427750 76 51 202
427492 23 51 255
424921 70 54 202
424686 47 54 225
423752 37 55 233
423732 36 55 234
423729 16 55 254
421009 56 58 208
418101 35 61 223
418084 22 61 236
418082 7 61 251
417146 9 62 247
416569 56 63 198
416220 18 63 236
415515 52 64 200
415346 47 64 205
415265 35 64 217
414370 41 65 209
411473 29 68 215
408680 7 71 231
406777 3 73 231
