597
295 55 56
223 60 49
209 52 59
203 55 56
193 56 51
209 57 50
189 55 57
167 69 39
199 62 59
235 60 56
210 60 56
212 59 65
194 52 60
211 56 61
202 58 62
208 60 64
201 60 63
252 57 64
195 53 54
190 65 43
181 55 58
175 57 50
300 59 60
208 57 54
211 46 48
275 55 49
202 45 52
204 64 60
176 47 57
184 60 60
187 59 53
268 33 42
179 56 41
207 57 65
214 56 51
232 60 49
249 63 58
176 56 34
194 63 54
203 59 63
274 62 55
201 55 41
286 59 59
199 64 56
157 62 57
199 59 57
223 60 38
190 55 54
180 54 61
186 51 55
174 66 57
187 61 49
335 55 53
186 47 49
190 65 52
197 56 57
229 56 58
191 57 39
268 77 50
207 55 60
222 60 58
185 58 53
163 58 59
214 52 63
199 57 60
188 44 62
177 57 59
197 56 51
287 67 53
197 56 59
194 50 58
200 57 56
200 52 48
186 59 56
203 63 65
194 54 44
212 59 46
200 59 58
225 58 46
191 61 62
215 53 61
211 53 49
206 56 60
202 59 50
174 59 49
189 64 44
205 59 58
193 50 61
204 55 61
246 52 55
230 49 62
230 57 60
213 59 51
217 65 52
197 59 55
203 55 59
196 56 64
203 61 63
275 54 56
231 54 58
200 57 56
201 57 52
208 53 56
236 57 49
199 57 53
174 52 53
239 66 43
197 55 61
201 53 64
186 54 64
193 52 53
203 56 44
207 52 59
208 63 47
266 53 57
192 59 54
173 61 56
206 60 54
313 61 50
206 52 64
288 71 49
202 58 62
211 76 45
200 57 58
170 58 61
187 61 61
253 73 46
199 49 59
177 50 49
203 59 45
194 67 36
195 59 54
200 65 48
253 61 51
178 57 60
187 64 46
190 58 58
323 50 64
151 62 51
212 60 54
213 56 56
191 52 64
210 56 42
205 60 45
246 62 47
181 56 58
239 66 45
184 60 70
212 61 42
202 59 59
233 33 54
194 60 47
285 64 60
194 64 40
209 56 57
198 58 63
213 62 60
190 56 52
216 56 61
202 53 67
196 56 58
208 56 63
197 54 54
177 57 53
171 58 58
202 52 64
220 53 60
222 55 59
196 62 55
207 64 60
204 73 41
203 61 48
200 60 61
171 51 62
196 55 55
188 64 62
198 54 59
267 61 56
274 54 55
204 60 44
203 60 61
215 53 53
281 63 48
182 69 55
234 57 55
205 57 49
315 59 58
200 52 64
222 56 60
195 60 61
189 54 57
213 56 61
175 60 36
211 59 54
207 60 64
197 58 48
212 60 61
232 56 52
192 60 59
188 41 59
195 62 56
189 64 56
267 60 55
244 64 39
210 57 58
213 57 49
261 60 64
187 55 58
195 58 43
190 62 53
195 59 61
200 57 62
200 58 51
210 57 60
192 47 61
198 57 59
275 54 58
196 50 59
229 55 60
209 53 61
192 53 55
212 53 64
229 66 39
207 58 49
192 57 58
215 59 47
206 52 62
191 48 55
208 63 39
256 60 56
235 51 63
205 50 48
210 59 57
162 52 55
196 69 50
224 59 61
200 48 59
199 60 60
194 57 57
254 57 54
203 51 56
216 41 62
181 54 58
205 47 55
188 55 48
203 56 61
265 58 24
193 49 60
217 64 53
175 50 59
276 53 53
196 52 58
192 52 50
310 58 64
202 54 53
215 52 60
202 53 61
204 56 62
211 59 47
226 53 63
196 61 61
200 56 53
195 52 58
191 51 60
200 57 58
178 65 62
191 62 44
210 53 58
206 63 59
216 56 52
201 63 58
223 59 60
207 59 63
206 55 44
204 45 54
172 59 50
200 51 73
203 57 58
206 53 59
180 59 53
228 60 57
201 55 58
188 63 72
246 57 57
193 55 56
204 53 56
248 58 61
207 60 56
268 76 36
211 54 58
230 57 48
221 56 64
219 53 57
202 53 57
194 56 59
269 58 59
298 55 48
280 56 59
184 58 62
170 61 60
185 59 50
269 55 59
203 49 57
217 55 61
186 53 60
204 57 53
284 54 56
199 52 60
192 68 61
197 56 64
212 59 60
180 54 68
236 58 51
294 68 49
209 56 64
207 57 50
198 56 61
200 45 53
196 65 47
207 49 52
184 63 47
314 48 56
212 52 56
191 52 58
187 60 52
191 66 56
190 66 51
217 45 65
194 58 66
181 63 43
177 54 56
204 49 63
214 58 59
195 56 59
208 60 53
208 53 63
205 63 63
208 65 61
314 64 46
203 59 57
193 55 61
191 64 49
200 50 56
197 58 61
200 58 63
205 55 53
202 51 58
190 55 61
208 55 58
186 57 57
209 59 65
216 55 55
205 52 56
204 59 57
236 57 52
211 60 64
194 52 64
201 48 65
217 59 45
197 57 59
163 57 66
191 63 63
253 67 38
177 54 55
268 55 58
194 65 55
279 63 64
276 54 53
187 59 58
176 57 60
191 58 57
191 52 52
204 63 56
217 63 44
178 57 52
189 50 65
209 62 62
178 51 59
189 52 51
192 63 60
250 56 54
282 52 62
188 60 58
221 41 63
279 52 59
190 57 48
371 0 0
189 57 51
208 54 54
195 54 57
222 49 41
203 53 60
207 53 53
190 58 55
216 59 67
217 61 65
242 55 55
199 65 56
201 54 51
201 59 58
211 50 59
199 68 41
204 59 58
280 60 55
218 43 56
205 53 55
187 59 57
213 55 53
197 58 51
199 58 62
174 69 42
248 22 47
200 50 55
207 62 53
193 55 57
195 56 65
353 0 0
202 52 60
212 54 54
193 51 57
202 52 60
192 55 64
194 59 39
214 62 52
194 52 44
207 58 47
206 56 57
203 55 65
349 54 55
187 45 42
199 42 52
186 56 56
192 59 56
198 50 54
211 61 54
204 78 25
212 58 57
201 53 62
197 53 55
208 51 59
188 54 61
194 52 48
342 56 56
200 59 66
156 54 53
211 60 63
207 58 73
229 59 65
160 51 61
200 50 57
217 46 56
193 60 56
233 59 44
173 49 55
304 53 57
194 57 53
190 54 62
192 70 52
193 55 52
211 42 55
204 54 60
188 55 50
284 58 56
203 57 49
185 67 43
203 52 48
203 57 65
223 57 55
266 58 61
374 61 59
218 48 62
267 75 46
268 52 54
200 50 65
172 58 46
178 56 60
243 59 50
199 52 58
193 55 47
156 58 55
231 55 59
203 50 63
189 76 59
299 59 52
257 52 54
194 57 49
187 52 55
235 67 44
202 57 50
203 52 54
206 58 64
173 60 47
192 54 53
185 52 49
197 55 50
160 54 58
177 47 57
229 56 67
206 44 62
200 52 63
185 63 59
198 53 58
197 59 51
257 60 56
193 57 55
212 57 62
195 60 51
191 61 56
197 65 55
180 66 59
205 63 35
183 51 56
200 51 59
184 60 63
205 49 55
185 53 56
225 57 31
199 46 57
209 39 54
191 65 61
210 57 61
192 67 55
232 58 55
186 66 60
210 60 59
189 59 53
194 53 60
194 68 57
298 54 60
199 60 55
198 54 60
251 58 42
231 56 47
202 54 60
201 53 62
187 43 59
214 64 52
194 55 55
192 50 52
225 52 61
207 58 53
166 51 59
192 56 60
218 57 57
250 58 50
200 59 63
206 54 57
227 53 55
285 65 48
207 54 60
186 61 59
184 57 45
210 53 64
198 53 55
260 55 57
193 52 50
274 61 56
236 60 58
218 54 61
337 0 0
165 57 64
199 52 58
202 59 57
195 51 55
203 60 57
218 57 47
196 58 56
244 61 59
194 64 60
229 56 56
320 58 58
238 49 53
205 57 53
184 53 59
202 51 58
184 56 53
205 47 64
212 56 60
185 56 62
237 60 42
199 48 57
263 56 45
216 69 50
212 52 61
206 58 54
208 53 61
199 56 57
271 57 58
209 54 65
199 48 64
248 52 51
186 56 62
223 63 57
209 55 53
187 57 61
217 56 63
189 62 50
