8 33 388 0 1181
10 64 324 0 1123
15 58 331 0 1133
16 6 434 0 1231
16 80 286 0 1093
22 207 26 0 1037
23 5 429 0 1235
24 75 288 0 1103
26 115 206 0 1027
26 137 162 0 998
29 71 291 0 1111
29 97 239 0 1063
31 34 363 0 1179
33 126 177 0 1003
38 5 414 0 1235
38 188 48 0 1072
40 2 418 0 1241
41 8 405 0 1229
48 109 196 0 1035
49 172 69 0 1072
49 178 57 0 1084
59 185 33 0 1076
63 6 387 0 1231
71 24 343 0 1195
71 42 307 0 1165
74 180 28 0 1085
77 37 311 0 1175
78 142 100 0 1082
80 131 120 0 1074
82 20 340 0 1203
84 159 60 0 1113
88 182 10 0 1081
89 45 283 0 1159
89 125 123 0 1081
93 12 345 0 1219
94 174 20 0 1097
94 177 14 0 1091
97 174 17 0 1097
98 148 68 0 1120
106 40 276 0 1169
111 92 167 0 1075
114 17 314 0 1215
114 67 214 0 1119
121 33 275 0 1183
123 169 0 0 1109
125 99 139 0 1107
126 87 162 0 1092
129 133 67 0 1153
139 159 5 0 1124
140 6 310 0 1235
140 144 34 0 1155
142 36 248 0 1179
157 110 85 0 1165
162 45 210 0 1157
162 73 154 0 1128
163 75 149 0 1131
167 142 11 0 1155
167 147 0 0 1147
170 22 248 0 1203
172 116 58 0 1197
180 131 20 0 1177
187 27 221 0 1193
197 122 21 0 1195
201 76 109 0 1191
203 11 237 0 1221
205 74 109 0 1195
209 60 133 0 1181
210 16 220 0 1211
220 59 124 0 1200
225 78 81 0 1231
232 61 108 0 1222
234 99 30 0 1237
244 108 2 0 1221
248 33 148 0 1212
250 100 12 0 1235
252 15 180 0 1213
256 29 148 0 1220
257 77 51 0 1281
257 90 25 0 1255
264 58 82 0 1270
264 86 26 0 1263
269 9 175 0 1225
285 24 129 0 1261
289 10 153 0 1249
293 68 33 0 1299
298 47 70 0 1305
310 47 58 0 1306
317 5 135 0 1251
317 7 131 0 1253
318 2 140 0 1247
321 34 73 0 1287
321 48 45 0 1295
327 14 107 0 1261
349 24 65 0 1273
350 32 48 0 1278
356 53 0 0 1230
362 27 46 0 1272
366 44 8 0 1232
407 7 41 0 1235
443 2 15 0 1239
