500466 187 70 53
498253 194 74 38
497749 204 72 32
494944 183 79 39
492541 173 82 43
491741 171 83 43
491056 176 84 36
488243 188 87 18
486927 162 89 40
485449 147 87 59
485005 194 90 6
483810 147 92 49
482042 140 93 54
481006 169 96 19
480866 177 96 11
479686 134 95 56
479307 162 98 22
478334 145 99 37
476621 150 101 28
473958 146 104 26
473060 141 105 29
472182 151 106 17
472165 131 106 37
470825 119 107 47
470338 155 108 9
470305 115 107 51
469432 149 109 13
468805 113 109 49
468538 152 110 8
466698 153 112 3
465865 126 113 28
465492 106 103 68
463041 143 116 5
461840 94 113 60
461320 98 106 70
461210 102 118 42
460390 126 119 16
459329 97 120 43
457679 115 122 21
456690 93 123 41
456341 82 119 60
455777 81 119 61
455400 80 122 56
454207 83 113 71
453997 91 126 37
453899 123 126 5
453641 80 116 68
453078 108 127 18
452143 87 128 37
451176 111 129 11
450625 121 129 0
449326 114 131 4
446588 102 134 10
445661 100 135 10
445617 106 135 4
444661 108 136 0
444519 58 129 64
443868 71 137 35
443867 89 137 17
442774 57 127 69
442007 65 139 37
440383 98 141 0
440171 78 141 20
439220 62 142 34
438674 45 141 53
438347 43 140 57
438063 47 132 69
436460 65 145 25
436358 51 145 39
434744 39 146 49
434534 52 147 34
434521 77 147 9
433562 47 148 37
433497 35 147 51
432641 45 149 37
431574 29 148 55
428948 51 153 23
427256 23 154 49
426383 68 156 0
425147 48 157 18
425135 50 157 16
423288 38 159 24
423236 48 159 14
421763 14 147 72
419621 3 159 59
419493 36 163 18
418674 1 160 59
418501 11 164 41
417569 37 165 13
416626 36 166 12
415741 27 167 19
413900 18 169 24
412007 9 171 29
410105 13 173 21
409028 28 174 4
406264 14 177 12
406191 25 177 1
404366 15 179 7
